1 0.8051666666666667 0.953561320754717 0.38964583333333336 0.09287735849056604
1 0.3435416666666667 0.7072287735849057 0.2310625 0.18442216981132073
1 0.4685416666666667 0.5961202830188679 0.38256249999999997 0.13481132075471697
1 0.8109791666666666 0.225 0.3543541666666667 0.16533018867924526
1 0.8966666666666666 0.3707665094339623 0.2066875 0.17537735849056604
1 0.5651875000000001 0.07205188679245284 0.3506458333333333 0.14409198113207547
1 0.42070833333333335 0.08306603773584906 0.26810416666666664 0.16029481132075474
0 0.25064583333333335 0.1891391509433962 0.17666666666666667 0.10955188679245284
1 0.39279166666666665 0.24304245283018866 0.3201875 0.12705188679245283
0 0.8107500000000001 0.7793042452830189 0.32104166666666667 0.21437499999999998
0 0.20045833333333332 0.04548349056603774 0.21702083333333333 0.09096698113207548