0 0.2496796875 0.5410555555555556 0.35821354166666663 0.4145138888888889
0 0.028125 0.5632731481481482 0.05625 0.42191666666666666
1 0.6099374999999999 0.462337962962963 0.34175 0.7570833333333333
1 0.17391145833333335 0.2515046296296296 0.22230208333333332 0.49745370370370373
1 0.349953125 0.3883009259259259 0.15478125 0.38678240740740744
1 0.8186223958333334 0.4845416666666666 0.3627578125 0.9681574074074073
1 0.3155703125 0.26332407407407404 0.09937239583333332 0.2479490740740741
1 0.030966145833333333 0.13691666666666666 0.056296875 0.18494907407407407
1 0.024869791666666665 0.30125 0.04973958333333333 0.1525
1 0.11012760416666666 0.2026527777777778 0.07714322916666667 0.14975
0 0.9420911458333333 0.7035277777777778 0.11581770833333334 0.17440740740740743