0 0.3798333333333333 0.7230070754716982 0.2750416666666667 0.14004716981132076
0 0.7239166666666667 0.659870283018868 0.29633333333333334 0.09640330188679246
1 0.6000416666666666 0.5622641509433962 0.21875 0.09713443396226415
0 0.5718958333333333 0.48590801886792456 0.10445833333333333 0.04783018867924529
0 0.7034791666666667 0.5830424528301887 0.16206250000000003 0.06313679245283019
1 0.11802083333333332 0.6595165094339622 0.2360625 0.16886792452830188
0 0.41322916666666665 0.914433962264151 0.35885416666666664 0.1711438679245283
0 0.13679166666666667 0.8744575471698113 0.2736041666666667 0.21867924528301885
1 0.025583333333333333 0.47685141509433965 0.051187500000000004 0.042417452830188676
0 0.09941666666666667 0.47607311320754714 0.059437500000000004 0.025117924528301888
0 0.14933333333333335 0.46885613207547167 0.0515 0.034292452830188676
0 0.12141666666666667 0.457063679245283 0.08954166666666666 0.02642688679245283
0 0.4843958333333333 0.4454716981132075 0.08997916666666667 0.02027122641509434
0 0.5895208333333334 0.44252358490566035 0.05541666666666667 0.026179245283018866
1 0.9073333333333333 0.46994103773584905 0.09635416666666667 0.045625
0 0.8495 0.45435141509433963 0.04410416666666667 0.022205188679245282
0 0.8090833333333334 0.4466037735849057 0.0546875 0.01748820754716981