0 0.18607311320754716 0.6441874999999999 0.14659198113207547 0.2573125
0 0.4882547169811321 0.4425208333333333 0.16133254716981132 0.20622916666666666
0 0.9117806603773586 0.08650000000000001 0.1014504716981132 0.14572916666666666
1 0.03923349056603774 0.25504166666666667 0.07847877358490565 0.23279166666666665
1 0.07159198113207547 0.07437500000000001 0.10629716981132076 0.14877083333333332
1 0.35629716981132076 0.058666666666666666 0.07537735849056604 0.11658333333333333
1 0.5333844339622642 0.0615 0.09507075471698113 0.12302083333333333
1 0.7701768867924529 0.07552083333333333 0.10339622641509434 0.1465
1 0.2870518867924528 0.42452083333333335 0.1127004716981132 0.31797916666666665
1 0.462747641509434 0.6405833333333334 0.11459905660377359 0.39783333333333337
1 0.8064150943396227 0.6619791666666667 0.1458372641509434 0.39137500000000003
1 0.9090094339622642 0.7485208333333334 0.1485377358490566 0.37885416666666666