1 0.34600000000000003 0.6918867924528302 0.23925000000000002 0.1565683962264151
1 0.8213125 0.7838561320754718 0.3217916666666667 0.1989858490566038
1 0.44912500000000005 0.6005070754716981 0.35518750000000004 0.1349764150943396
1 0.8996458333333333 0.37510613207547167 0.2006875 0.18338443396226414
1 0.8070833333333333 0.22005896226415095 0.3280416666666667 0.17595518867924528
1 0.5873125 0.06913915094339623 0.33989583333333334 0.13826650943396226
1 0.4126666666666667 0.0856367924528302 0.23366666666666666 0.1712735849056604
1 0.3907916666666667 0.23498820754716981 0.2940833333333333 0.11149764150943396
1 0.20608333333333334 0.03788915094339623 0.23022916666666668 0.075
0 0.23595833333333335 0.1746698113207547 0.16495833333333335 0.09696933962264151
0 0.3439375 0.493997641509434 0.13785416666666667 0.08705188679245282
0 0.7973750000000001 0.5747759433962264 0.0030833333333333333 0.0009669811320754717