1 0.8168958333333334 0.9586674528301887 0.36620833333333336 0.08266509433962263
1 0.3560833333333333 0.6884551886792453 0.2414375 0.15758254716981132
1 0.4579166666666667 0.6057311320754717 0.350125 0.14148584905660377
1 0.4106875 0.2308254716981132 0.31372916666666667 0.1264858490566038
1 0.8048749999999999 0.20333726415094341 0.3105 0.15516509433962267
1 0.8960625 0.3517806603773585 0.20789583333333334 0.15930424528301887
1 0.409375 0.08130896226415095 0.25304166666666666 0.16262971698113207
1 0.5824791666666667 0.06891509433962265 0.3506458333333333 0.13724056603773585
0 0.809625 0.7980306603773585 0.3094375 0.20346698113207545
0 0.36110416666666667 0.49845518867924526 0.13010416666666666 0.10017688679245283
0 0.2597916666666667 0.19378537735849058 0.201875 0.1360495283018868
0 0.2151875 0.041874999999999996 0.23618750000000002 0.08374999999999999