0 0.03268229166666667 0.553087962962963 0.06536458333333334 0.42006481481481484
0 0.240046875 0.5461481481481482 0.3337395833333333 0.41543981481481485
0 0.954328125 0.7158333333333333 0.08665625 0.12018055555555554
1 0.8197916666666667 0.4750555555555555 0.36041666666666666 0.9501064814814815
1 0.607203125 0.47344907407407405 0.33888541666666666 0.7607824074074074
1 0.3493020833333333 0.39246296296296296 0.15347916666666667 0.4228888888888889
1 0.3085390625 0.25152314814814813 0.10093489583333333 0.20119907407407406
1 0.17898697916666664 0.24594907407407407 0.23505989583333334 0.4863472222222222
1 0.0282265625 0.2855509259259259 0.053328125 0.14425
1 0.11715625 0.19760185185185186 0.057875 0.09798611111111111
1 0.029427083333333333 0.13209722222222223 0.058854166666666666 0.18456481481481482