1 0.4672759433962264 0.6197916666666666 0.0972877358490566 0.3489583333333333
1 0.2896580188679245 0.4114583333333333 0.13119103773584906 0.3333333333333333
1 0.04791273584905661 0.259125 0.09286556603773585 0.2630208333333333
1 0.8188443396226415 0.6432291666666666 0.12234669811320754 0.4114583333333333
1 0.9271816037735849 0.7447916666666666 0.14445754716981132 0.40625
1 0.5395047169811321 0.06641666666666667 0.11202830188679246 0.1328125
1 0.3559905660377358 0.06770833333333333 0.09876179245283019 0.13541666666666666
1 0.7753537735849056 0.078125 0.12971698113207547 0.15625
1 0.07444575471698113 0.08333333333333333 0.11055424528301887 0.16666666666666666
0 0.185 0.6510416666666666 0.1636202830188679 0.28125
0 0.49160377358490565 0.4231875 0.14298349056603774 0.16927083333333334
0 0.9205542452830189 0.08854166666666667 0.11939858490566038 0.16145833333333334