1 0.2883962264150943 0.42012499999999997 0.11877358490566038 0.32689583333333333
0 0.18840801886792455 0.6493125000000001 0.1452004716981132 0.25195833333333334
1 0.8214976415094339 0.6463958333333333 0.12870283018867926 0.3878125
0 0.9175943396226415 0.08860416666666666 0.10357311320754717 0.14302083333333335
1 0.9176061320754717 0.751 0.13225235849056605 0.42202083333333335
1 0.046450471698113206 0.26091666666666663 0.09154481132075472 0.24183333333333332
1 0.35443396226415097 0.06504166666666666 0.0810259433962264 0.13010416666666666
1 0.5314150943396226 0.06545833333333334 0.08359669811320755 0.1259375
1 0.7666627358490566 0.07756249999999999 0.09417452830188679 0.14177083333333332
1 0.07568396226415094 0.0850625 0.1084316037735849 0.14010416666666667
1 0.4619811320754717 0.6086875 0.09255896226415093 0.3265416666666667
0 0.4846108490566038 0.4284375 0.1527004716981132 0.176875