1 0.8302083333333333 0.9650117924528302 0.33958333333333335 0.06996462264150943
1 0.3574583333333334 0.6673231132075471 0.22743750000000001 0.17425707547169814
1 0.45745833333333336 0.6005070754716981 0.34408333333333335 0.15069575471698113
1 0.9170208333333334 0.3458254716981132 0.16597916666666668 0.17591981132075474
1 0.7758333333333333 0.18330188679245282 0.25166666666666665 0.22430424528301887
1 0.42793749999999997 0.07463443396226414 0.23645833333333333 0.1492688679245283
1 0.6175416666666667 0.04555424528301887 0.259375 0.09110849056603774
1 0.41439583333333335 0.21377358490566037 0.31352083333333336 0.11621462264150943
0 0.37102083333333336 0.49027122641509435 0.12258333333333334 0.10709905660377357
0 0.8320833333333333 0.808808962264151 0.29470833333333335 0.20567216981132075
0 0.23560416666666667 0.03534198113207547 0.25454166666666667 0.07067216981132075