0 0.24186979166666667 0.553087962962963 0.35300781249999996 0.42006481481481484
0 0.029138020833333333 0.6077175925925926 0.057755208333333335 0.3256203703703704
0 0.9591458333333333 0.6952407407407407 0.0817109375 0.17525925925925925
1 0.6056406249999999 0.46974537037037034 0.3357630208333333 0.7718935185185185
1 0.8197916666666667 0.5 0.36041666666666666 1
1 0.344484375 0.4128287037037037 0.1605078125 0.44510185185185186
1 0.30528385416666665 0.2568472222222222 0.10744531249999999 0.23498611111111112
1 0.46113020833333335 0.49406944444444445 0.16236197916666667 0.4973796296296296
1 0.11377083333333333 0.20616666666666666 0.059437500000000004 0.0919675925925926
1 0.17508333333333334 0.24733796296296295 0.23245572916666665 0.4946759259259259
1 0.05895052083333333 0.4880416666666667 0.11477604166666668 0.5464583333333333
1 0.028125 0.14436574074074074 0.05625 0.16743055555555555