1 0.121875 0.6555306603773585 0.24375 0.16640330188679248
0 0.38456250000000003 0.725495283018868 0.2600208333333333 0.13337264150943395
0 0.32416666666666666 0.9158844339622642 0.5336041666666667 0.16824292452830186
0 0.13577083333333334 0.8618632075471698 0.2715208333333334 0.19385613207547167
0 0.7171666666666667 0.6649646226415095 0.2801458333333333 0.10666273584905661
0 0.7064166666666666 0.5822405660377359 0.16495833333333335 0.07091981132075471
1 0.5937291666666666 0.5679952830188679 0.21610416666666668 0.10356132075471697
0 0.5671875 0.4881132075471698 0.103125 0.05168632075471698
1 0.024458333333333335 0.4772877358490566 0.04891666666666667 0.04340801886792453
0 0.11529166666666667 0.47832547169811324 0.0881875 0.025283018867924528
0 0.5747291666666666 0.4357900943396227 0.07097916666666666 0.029764150943396225
0 0.47256250000000005 0.4418632075471698 0.06441666666666666 0.017641509433962265
0 0.19952083333333331 0.4395283018867925 0.082875 0.022311320754716982
1 0.8992916666666667 0.46858490566037736 0.08783333333333333 0.04432783018867925