0 0.23809375 0.5591064814814816 0.3480625 0.4228425925925926
0 0.9591458333333333 0.7084305555555556 0.0817109375 0.15350925925925926
0 0.0297890625 0.6227592592592593 0.056453125 0.3325601851851852
1 0.82109375 0.4873194444444444 0.3578125 0.9737129629629628
1 0.6060312499999999 0.47529629629629633 0.3391458333333333 0.7644861111111111
1 0.34878125 0.39662962962962967 0.15451822916666666 0.4034444444444445
1 0.30736718749999997 0.2716574074074074 0.1011953125 0.24609259259259256
1 0.45852604166666666 0.5017037037037038 0.15090625 0.49321759259259257
1 0.05986197916666667 0.4929027777777778 0.11920312500000001 0.5589537037037037
1 0.11637499999999999 0.2107962962962963 0.05422916666666667 0.10122222222222221
1 0.028776041666666665 0.1513101851851852 0.05755208333333333 0.1757638888888889
1 0.17731510416666665 0.2570601851851852 0.230265625 0.4900462962962963