1 0.8683958333333333 0.9705542452830188 0.2631875 0.045660377358490566
1 0.3671875 0.6612264150943397 0.246875 0.17386792452830188
1 0.4623125 0.5836084905660377 0.3676875 0.14048349056603773
1 0.9222291666666667 0.3269575471698113 0.1555625 0.16963443396226413
1 0.7935416666666666 0.15558962264150944 0.23847916666666666 0.21998820754716983
1 0.4088541666666667 0.21908018867924528 0.3301875 0.11503537735849056
0 0.24845833333333334 0.1497051886792453 0.16218749999999998 0.07457547169811321
1 0.44704166666666667 0.07011792452830189 0.23714583333333333 0.14023584905660377
1 0.616125 0.0392688679245283 0.2933541666666667 0.0785377358490566
1 0.25122916666666667 0.02845518867924528 0.2232916666666667 0.056132075471698115
0 0.8508333333333333 0.8135259433962264 0.2905416666666667 0.21509433962264152
0 0.37414583333333334 0.48004716981132073 0.121875 0.1023938679245283