1 0.2915801886792453 0.38697916666666665 0.11806603773584906 0.273125
0 0.19418632075471698 0.6634791666666667 0.14496462264150944 0.24695833333333334
0 0.9203066037735849 0.10047916666666666 0.10192216981132077 0.1459375
0 0.4930896226415094 0.44302083333333336 0.16024764150943394 0.18104166666666668
1 0.8325707547169812 0.6116041666666666 0.09628537735849058 0.3307083333333333
1 0.46609669811320753 0.6043125 0.09917452830188679 0.328625
1 0.05672169811320755 0.2715416666666667 0.1134433962264151 0.2506041666666667
1 0.7751533018867925 0.08256250000000001 0.10170990566037735 0.16510416666666666
1 0.5344811320754717 0.06670833333333334 0.08501179245283019 0.1334375
1 0.3534905660377358 0.06545833333333334 0.07913915094339623 0.1259375
1 0.08216981132075472 0.08339583333333334 0.1048938679245283 0.16677083333333334
1 0.9355188679245283 0.7462083333333334 0.12621462264150943 0.39158333333333334