0 0.3312083333333333 0.9143985849056604 0.5437083333333333 0.17120283018867927
0 0.13075 0.8677830188679245 0.2615208333333333 0.20775943396226415
0 0.3785208333333333 0.72875 0.24416666666666667 0.13683962264150945
1 0.11856249999999999 0.6626179245283018 0.23712499999999997 0.16749999999999998
1 0.5973124999999999 0.5720400943396227 0.20175 0.10788915094339623
1 0.8976041666666668 0.4686320754716981 0.08422916666666666 0.04964622641509434
1 0.025854166666666668 0.475813679245283 0.051708333333333335 0.03970518867924529
0 0.7170833333333333 0.6558490566037736 0.26958333333333334 0.09045990566037736
0 0.7119583333333334 0.5790919811320755 0.13835416666666667 0.06949292452830189
0 0.5663333333333332 0.4865801886792453 0.11245833333333333 0.04466981132075472
0 0.11652083333333334 0.4814740566037736 0.09483333333333334 0.026167452830188682
0 0.1150625 0.4523466981132075 0.08800000000000001 0.03142688679245283
0 0.5758333333333333 0.4371580188679245 0.0675625 0.028667452830188678
0 0.19604166666666664 0.4364622641509434 0.08216666666666667 0.030047169811320756