0 0.32729166666666665 0.9158844339622642 0.5065208333333333 0.16824292452830186
0 0.1375 0.8630424528301887 0.275 0.18836084905660377
0 0.3779583333333333 0.7262735849056604 0.2475625 0.13494103773584906
0 0.7265625 0.6577004716981132 0.27743749999999995 0.0960495283018868
0 0.7168333333333333 0.5800707547169811 0.13022916666666667 0.07838443396226415
1 0.5953125 0.5657311320754717 0.22047916666666667 0.10079009433962265
0 0.580375 0.4896816037735849 0.090625 0.05483490566037736
1 0.028125 0.47944575471698114 0.05625 0.03929245283018868
0 0.12277083333333333 0.4810377358490566 0.091375 0.037535377358490565
0 0.20054166666666667 0.43701650943396225 0.09752083333333333 0.034398584905660376
1 0.121875 0.6586792452830188 0.24375 0.17268867924528303
0 0.1206875 0.45285377358490564 0.07591666666666666 0.026308962264150942
1 0.8930833333333333 0.47062499999999996 0.09560416666666667 0.04469339622641509