0 0.5643958333333334 0.5474410377358491 0.4468333333333333 0.22538915094339623
0 0.46997916666666667 0.23951650943396227 0.3530833333333333 0.1087382075471698
0 0.7696041666666668 0.23912735849056604 0.24689583333333334 0.08437499999999999
0 0.8788125 0.20767688679245286 0.24235416666666668 0.1001061320754717
1 0.6838333333333334 0.05341981132075471 0.09204166666666666 0.10682783018867925
0 0.7466875000000001 0.0895754716981132 0.11002083333333333 0.07222877358490566
0 0.8584791666666667 0.05183962264150944 0.12527083333333333 0.05966981132075472
0 0.9577708333333333 0.04182783018867924 0.0844375 0.06713443396226415
1 0.19708333333333333 0.192936320754717 0.38497916666666665 0.1767452830188679
1 0.9100625 0.1658254716981132 0.17985416666666668 0.0832193396226415
1 0.183875 0.04889150943396227 0.1857916666666667 0.09700471698113208