1 0.8961875 0.9768042452830189 0.20764583333333334 0.04637971698113207
1 0.37933333333333336 0.662995283018868 0.25035416666666666 0.17347877358490568
1 0.4609166666666667 0.5777122641509433 0.36491666666666667 0.1522759433962264
1 0.41822916666666665 0.20041273584905658 0.30033333333333334 0.1052122641509434
1 0.4484375 0.06755896226415094 0.2288125 0.13511792452830187
1 0.6467083333333333 0.04005896226415094 0.284375 0.08010613207547171
1 0.24845833333333334 0.0219811320754717 0.21772916666666667 0.04395047169811321
1 0.8095208333333334 0.1512617924528302 0.28429166666666666 0.2663679245283019
1 0.9395833333333333 0.30475235849056603 0.12083333333333333 0.19205188679245286
0 0.25504166666666667 0.14224056603773585 0.1545416666666667 0.0675
0 0.3828125 0.4814268867924528 0.13229166666666667 0.09334905660377359
0 0.8770833333333333 0.8141155660377358 0.24583333333333332 0.2359316037735849