1 0.2885141509433962 0.37177083333333333 0.12608490566037736 0.246875
1 0.1957193396226415 0.6634791666666667 0.14567216981132075 0.263625
1 0.8397641509433962 0.6066041666666667 0.09887971698113207 0.337375
1 0.9349292452830189 0.7551666666666667 0.1273938679245283 0.38033333333333336
1 0.46303066037735846 0.6145208333333334 0.09775943396226416 0.31154166666666666
1 0.05672169811320755 0.27779166666666666 0.1134433962264151 0.23810416666666667
0 0.9245518867924528 0.10152083333333332 0.10097877358490566 0.14385416666666667
1 0.7730306603773585 0.08589583333333332 0.10218160377358491 0.15843749999999998
1 0.5374292452830188 0.07129166666666667 0.0885495283018868 0.13760416666666667
1 0.35632075471698116 0.06275 0.07536556603773585 0.1246875
1 0.08181603773584906 0.08360416666666667 0.10182783018867923 0.16635416666666666
0 0.4961556603773585 0.4423958333333333 0.1616627358490566 0.15895833333333334