0 0.8805625 0.8233490566037737 0.23889583333333334 0.23945754716981132
1 0.4657916666666667 0.5781014150943397 0.374625 0.16091981132075472
0 0.3796875 0.4812264150943396 0.11910416666666666 0.1126061320754717
0 0.2710208333333333 0.1709316037735849 0.18647916666666667 0.13273584905660377
1 0.3626666666666667 0.6567099056603773 0.203125 0.17662735849056604
1 0.40745833333333337 0.1964740566037736 0.3413125 0.09735849056603774
1 0.24358333333333335 0.029044811320754715 0.20800000000000002 0.05810141509433962
1 0.44564583333333335 0.07070754716981133 0.18158333333333332 0.14141509433962265
1 0.6373333333333334 0.038478773584905666 0.2961875 0.07695754716981133
1 0.8369375 0.14635613207547168 0.2766458333333333 0.29192216981132074
1 0.9482708333333334 0.2923702830188679 0.10347916666666666 0.1790801886792453