0 0.5741041666666666 0.5454834905660377 0.4385 0.21359669811320753
0 0.47483333333333333 0.24285377358490565 0.35724999999999996 0.11149764150943396
0 0.763 0.2450117924528302 0.23925000000000002 0.08830188679245282
0 0.8765208333333334 0.2055188679245283 0.24470833333333333 0.09185141509433963
1 0.6821041666666667 0.05655660377358491 0.083 0.10682783018867925
0 0.7355833333333333 0.08898584905660377 0.16218749999999998 0.06712264150943396
0 0.8716666666666666 0.048313679245283014 0.19333333333333333 0.04472877358490566
1 0.19570833333333332 0.1931367924528302 0.35997916666666663 0.17320754716981132
1 0.18179166666666668 0.046344339622641506 0.16774999999999998 0.09267688679245284
1 0.2561041666666667 0.03534198113207547 0.14195833333333333 0.07067216981132075
1 0.8996458333333333 0.16424528301886793 0.2006875 0.08007075471698114