0 0.23861458333333332 0.5505416666666667 0.34910156249999996 0.41034722222222225
0 0.026432291666666666 0.5572546296296297 0.05286197916666667 0.43765740740740744
0 0.9549791666666666 0.7001018518518519 0.09004166666666666 0.1701712962962963
1 0.8204427083333333 0.5002314814814814 0.35911458333333335 0.999537037037037
1 0.5986119791666666 0.47923148148148154 0.32690885416666665 0.7677268518518519
1 0.351515625 0.40149074074074076 0.14123958333333334 0.4085370370370371
1 0.3101015625 0.2644814814814815 0.11447395833333333 0.24563425925925927
1 0.11819270833333334 0.22491203703703705 0.05878125 0.10631018518518519
1 0.061033854166666665 0.4702222222222222 0.11894270833333334 0.5413703703703703
1 0.026041666666666668 0.152 0.0520859375 0.18178703703703705
1 0.17796614583333334 0.24849537037037037 0.22531770833333334 0.4775509259259259
1 0.46698958333333335 0.5192916666666667 0.14439322916666666 0.47284722222222225