0 0.32556250000000003 0.912936320754717 0.5308333333333334 0.17413915094339621
0 0.1375 0.8575471698113208 0.275 0.17735849056603775
0 0.37935416666666666 0.725495283018868 0.24960416666666668 0.13337264150943395
0 0.7268749999999999 0.6635966981132075 0.2718125 0.09997641509433962
0 0.7140416666666667 0.5785023584905661 0.13579166666666667 0.07524764150943397
1 0.596 0.5655306603773584 0.20520833333333333 0.10432783018867925
0 0.575875 0.48201650943396224 0.09270833333333334 0.05129716981132076
1 0.026395833333333334 0.473372641509434 0.05277083333333333 0.03400943396226415
0 0.11827083333333334 0.47886792452830185 0.10514583333333333 0.029280660377358488
0 0.11166666666666666 0.4501768867924528 0.06914583333333332 0.026933962264150943
1 0.12535416666666668 0.6570990566037737 0.2506875 0.16955188679245284
1 0.8890416666666667 0.4700235849056604 0.091375 0.04696933962264151