0 0.47550000000000003 0.39534198113207547 0.4079583333333333 0.13346698113207547
0 0.7570833333333333 0.09744103773584906 0.2558333333333333 0.056509433962264155
1 0.2046875 0.24992924528301885 0.39410416666666664 0.1413561320754717
0 0.23489583333333333 0.1744693396226415 0.2948125 0.0847877358490566
0 0.26025 0.12455188679245284 0.1996666666666667 0.07143867924528302
0 0.296375 0.09744103773584906 0.094125 0.05022405660377359
1 0.4734583333333333 0.19981132075471697 0.24893749999999998 0.1315448113207547
1 0.48316666666666663 0.14400943396226415 0.22949999999999998 0.08283018867924527
1 0.48591666666666666 0.10844339622641509 0.2760208333333333 0.07851415094339623
0 0.39287500000000003 0.0408372641509434 0.11216666666666668 0.06595518867924528
0 0.5088541666666667 0.0703183962264151 0.16422916666666668 0.057299528301886796