0 0.23809375 0.5604953703703704 0.3480625 0.4163611111111111
0 0.952375 0.7167638888888889 0.09525 0.15536111111111112
0 0.022265625 0.5560972222222222 0.04453125 0.447375
1 0.8178385416666667 0.5 0.36432291666666666 1
1 0.603296875 0.47344907407407405 0.3362838541666667 0.7607824074074074
1 0.34865104166666666 0.39894444444444443 0.14176041666666667 0.39881481481481484
1 0.3090598958333333 0.2716574074074074 0.11655729166666666 0.26460648148148147
1 0.4758411458333333 0.5195277777777778 0.16209895833333335 0.46868055555555554
1 0.05585416666666666 0.48480092592592594 0.11171093750000001 0.5566388888888889
1 0.1195 0.22606944444444443 0.058395833333333334 0.10399537037037036
1 0.026403645833333333 0.1445972222222222 0.052807291666666666 0.1817824074074074
1 0.17926822916666665 0.25219907407407405 0.227921875 0.4849537037037037