0 0.5650833333333334 0.5427240566037737 0.4343333333333333 0.2159551886792453
0 0.4717083333333333 0.24521226415094338 0.3565625 0.11621462264150943
0 0.7671666666666667 0.24462264150943397 0.2587083333333334 0.09537735849056603
0 0.8770833333333333 0.20610849056603775 0.24583333333333332 0.09695754716981132
0 0.7435625 0.09350235849056604 0.13927083333333332 0.064375
1 0.6796666666666666 0.04240566037735849 0.100375 0.08482311320754718
0 0.8130000000000001 0.05419811320754717 0.13927083333333332 0.06438679245283019
0 0.9395833333333333 0.042417452830188676 0.12083333333333333 0.05652122641509434
1 0.1974375 0.1948938679245283 0.3634583333333333 0.1885377358490566
1 0.19012500000000002 0.05106132075471698 0.18441666666666665 0.10211084905660378
1 0.2665208333333334 0.036910377358490565 0.13502083333333334 0.07382075471698113
1 0.8996458333333333 0.16818396226415094 0.2006875 0.08793632075471697