0 0.2034198113207547 0.6614583333333334 0.15919811320754718 0.2552083333333333
0 0.9264504716981132 0.10677083333333333 0.11055424528301887 0.16666666666666666
0 0.4982311320754717 0.4440208333333333 0.1474056603773585 0.18489583333333334
0 0.2918632075471698 0.375 0.14150943396226415 0.2864583333333333
1 0.46432783018867924 0.6132916666666667 0.11497641509433962 0.3098958333333333
1 0.06633254716981132 0.2786458333333333 0.13266509433962265 0.265625
1 0.8365330188679245 0.6028749999999999 0.11939858490566038 0.3619791666666667
1 0.9311674528301886 0.7408958333333333 0.13767688679245282 0.4036458333333333
1 0.7797759433962265 0.09506250000000001 0.10318396226415094 0.19010416666666666
1 0.5490919811320755 0.07422916666666667 0.13413915094339623 0.1484375
1 0.08402122641509434 0.07943750000000001 0.11202830188679246 0.15885416666666666