0 0.2384453125 0.5588842592592593 0.3461640625 0.4131342592592593
0 0.022916666666666665 0.557712962962963 0.04583333333333333 0.44319907407407405
0 0.9541979166666666 0.731574074074074 0.09160677083333332 0.18593055555555557
1 0.8194244791666667 0.46949537037037037 0.3570755208333333 0.9380648148148149
1 0.6010833333333333 0.4722824074074074 0.32925 0.7584583333333333
1 0.3526875 0.4174537037037037 0.1467109375 0.4312037037037037
1 0.30411197916666666 0.23925462962962962 0.10249479166666667 0.1951712962962963
1 0.4720651041666667 0.5287777777777778 0.14152604166666669 0.4640370370370371
1 0.17106510416666668 0.23761574074074074 0.23130989583333333 0.4650416666666667
1 0.056606770833333334 0.4803981481481482 0.11008854166666666 0.5570925925925926
1 0.1148125 0.21750462962962963 0.0521484375 0.10537500000000001
1 0.025520833333333333 0.14713425925925927 0.051041666666666666 0.18686574074074075