0 0.13577083333333334 0.8665801886792452 0.2715208333333334 0.2032900943396226
0 0.3394375 0.9148938679245283 0.4752916666666666 0.17020047169811323
0 0.3797083333333333 0.7278537735849057 0.25585416666666666 0.13808962264150942
0 0.7258333333333333 0.6626061320754717 0.26279166666666665 0.10194575471698114
0 0.7126666666666667 0.5787028301886793 0.1385625 0.07170990566037735
0 0.5734375 0.4886910377358491 0.10452083333333334 0.056792452830188675
0 0.12056249999999999 0.47549528301886795 0.09470833333333334 0.030601415094339623
0 0.11991666666666667 0.45094339622641505 0.08110416666666667 0.024257075471698114
0 0.578875 0.442688679245283 0.06572916666666667 0.02544811320754717
0 0.4784583333333333 0.440188679245283 0.07516666666666666 0.02338443396226415
0 0.5202708333333333 0.4276533018867924 0.005833333333333333 0.0012735849056603773
1 0.026833333333333334 0.47778301886792457 0.05366666666666667 0.04137971698113208
1 0.12516666666666668 0.6602240566037736 0.25033333333333335 0.16708726415094338