0 0.23548958333333334 0.5586435185185186 0.3428541666666666 0.4126574074074074
0 0.022265625 0.5614166666666667 0.04453125 0.4552453703703704
0 0.9555 0.7135277777777778 0.08691666666666667 0.20812962962962964
1 0.8184895833333333 0.4787592592592592 0.36302083333333335 0.9575138888888889
1 0.6117604166666666 0.47576388888888893 0.35060416666666666 0.7561527777777778
1 0.3535989583333333 0.42024074074074075 0.14748958333333334 0.3858472222222222
1 0.2959114583333333 0.24411574074074072 0.08869791666666667 0.20490277777777777
1 0.46633854166666666 0.5454490740740741 0.13528125 0.44645370370370374
1 0.11793229166666667 0.22098148148148147 0.053054687499999996 0.08455555555555555
1 0.0541328125 0.49591203703703707 0.10774739583333333 0.5788564814814815
1 0.027473958333333333 0.1385787037037037 0.054947916666666666 0.16049074074074074
1 0.17640364583333332 0.24201851851851852 0.22844270833333333 0.46458796296296295