0 0.20525943396226415 0.6784583333333334 0.1390801886792453 0.252375
0 0.5047641509433962 0.4654375 0.1471816037735849 0.18766666666666668
1 0.46628537735849057 0.6074375 0.09379716981132076 0.312625
0 0.4596462264150943 0.47281249999999997 0.10386792452830189 0.16077083333333334
0 0.9223938679245284 0.10941666666666668 0.10766509433962264 0.1423125
1 0.060141509433962265 0.28004166666666663 0.12028301886792453 0.23733333333333334
1 0.08273584905660376 0.07816666666666668 0.11145047169811322 0.15633333333333335
1 0.3570518867924528 0.047125 0.061875 0.09422916666666666
1 0.5358490566037736 0.06852083333333334 0.08499999999999999 0.1362708333333333
1 0.7773584905660378 0.08289583333333334 0.10275943396226415 0.1650625
1 0.835566037735849 0.6057291666666667 0.11839622641509434 0.34329166666666666
1 0.9093278301886792 0.7515416666666667 0.17147405660377357 0.38491666666666663
1 0.2868396226415094 0.37622916666666667 0.11655660377358491 0.24791666666666667