1 0.121875 0.6626061320754717 0.24375 0.16483490566037737
1 0.5911458333333334 0.5690683962264151 0.2288125 0.1035495283018868
1 0.026395833333333334 0.47788915094339623 0.05277083333333333 0.04696933962264151
1 0.8796458333333333 0.46294811320754714 0.10514583333333333 0.048549528301886795
0 0.3779583333333333 0.7211674528301886 0.2475625 0.13258254716981133
0 0.13922916666666665 0.8650117924528301 0.27847916666666667 0.20015330188679245
0 0.34779166666666667 0.9157429245283019 0.46975 0.16852594339622642
0 0.7230624999999999 0.6626061320754717 0.28500000000000003 0.10194575471698114
0 0.7119583333333334 0.5755542452830189 0.1260625 0.06542452830188679
0 0.5755208333333334 0.48712264150943396 0.11422916666666666 0.05365566037735849
0 0.11479166666666667 0.47709905660377355 0.09622916666666666 0.02968160377358491
0 0.11095833333333333 0.4495872641509434 0.08164583333333333 0.02182783018867925
0 0.2092291666666667 0.4362264150943396 0.07597916666666667 0.02654481132075472