0 0.2069811320754717 0.6741041666666666 0.1390801886792453 0.24897916666666667
0 0.5106603773584906 0.46770833333333334 0.1439622641509434 0.19220833333333334
1 0.4652122641509434 0.613125 0.0959433962264151 0.3163958333333333
0 0.4642570754716981 0.4824791666666667 0.10108490566037735 0.15358333333333332
0 0.9260377358490566 0.10752083333333333 0.1020872641509434 0.13095833333333334
1 0.2888797169811321 0.3815416666666666 0.11419811320754718 0.24337499999999998
1 0.0628183962264151 0.282875 0.1256485849056604 0.23164583333333333
1 0.08616745283018867 0.08195833333333334 0.10972877358490565 0.16391666666666668
1 0.35930424528301885 0.04485416666666667 0.06423349056603773 0.08968749999999999
1 0.5337146226415094 0.0660625 0.08070754716981132 0.13210416666666666
1 0.7771462264150943 0.08422916666666666 0.10661556603773585 0.16845833333333332
1 0.8335377358490567 0.6008125 0.1121816037735849 0.3561666666666667
1 0.9310731132075472 0.7502291666666667 0.13786556603773584 0.37847916666666664