0 0.20654481132075472 0.67675 0.1382193396226415 0.24670833333333334
1 0.4637146226415095 0.6097083333333334 0.09722877358490567 0.33231249999999996
0 0.4652240566037736 0.47981250000000003 0.10129716981132077 0.14070833333333335
0 0.5130188679245283 0.4724375 0.135813679245283 0.17366666666666666
0 0.9245400943396226 0.10866666666666666 0.10337264150943395 0.1408125
1 0.29080188679245284 0.38229166666666664 0.11377358490566038 0.26004166666666667
1 0.06336084905660377 0.28325 0.12670990566037738 0.25514583333333335
1 0.08466981132075471 0.08460416666666666 0.10244103773584906 0.16466666666666668
1 0.3630542452830189 0.0473125 0.08245283018867924 0.09385416666666666
1 0.5384316037735849 0.07154166666666667 0.0815683962264151 0.1423333333333333
1 0.7807900943396227 0.08422916666666666 0.10961084905660377 0.16845833333333332
1 0.8328891509433962 0.5970208333333333 0.10660377358490566 0.36374999999999996
1 0.9166155660377358 0.7388541666666666 0.1568985849056604 0.3709166666666667