1 0.8269103773584906 0.5957708333333334 0.11326650943396226 0.3657083333333333
1 0.2912264150943396 0.38864583333333336 0.11499999999999999 0.2597916666666667
0 0.20774764150943395 0.6753541666666667 0.1461438679245283 0.24987499999999999
0 0.9308018867924529 0.10881249999999999 0.10168632075471698 0.1459375
0 0.9241745283018868 0.7462083333333334 0.15163915094339622 0.39158333333333334
1 0.06860849056603774 0.28279166666666666 0.13211084905660378 0.24810416666666668
1 0.538254716981132 0.07295833333333333 0.08312499999999999 0.14093750000000002
1 0.7804599056603774 0.09027083333333333 0.10053066037735849 0.16302083333333334
1 0.09101415094339624 0.09235416666666667 0.10146226415094341 0.17552083333333332
0 0.5065330188679246 0.4580208333333333 0.15411556603773585 0.17772916666666666
1 0.46420990566037734 0.6068125 0.09540094339622643 0.33362499999999995