0 0.20879716981132077 0.6638750000000001 0.1320047169811321 0.22093749999999998
0 0.5102358490566038 0.4646666666666667 0.13452830188679246 0.18616666666666667
1 0.46285377358490565 0.5938125 0.09551886792452831 0.36110416666666667
0 0.46746462264150945 0.4715 0.09893867924528303 0.1391875
0 0.9240094339622641 0.10941666666666668 0.10444575471698113 0.1423125
1 0.8309551886792452 0.5898333333333333 0.10702830188679247 0.3720833333333333
1 0.9380306603773585 0.7547708333333334 0.12392688679245284 0.3875625
1 0.29444575471698115 0.3803958333333333 0.1167688679245283 0.24866666666666667
1 0.06516509433962264 0.2862708333333333 0.12952830188679246 0.24604166666666666
1 0.09175707547169812 0.08195833333333334 0.1020872641509434 0.16391666666666668
1 0.5375707547169811 0.0730625 0.0884316037735849 0.14535416666666665
1 0.7802594339622642 0.0804375 0.10211084905660378 0.16089583333333335
1 0.3708844339622641 0.044083333333333335 0.07880896226415095 0.0881875
1 0.018337264150943396 0.07741666666666666 0.036662735849056605 0.11241666666666666