0 0.4796666666666667 0.39298349056603776 0.38852083333333337 0.12875
0 0.7702708333333333 0.09821933962264151 0.24056249999999998 0.05807783018867924
0 0.8098541666666667 0.03455188679245283 0.13916666666666666 0.06910377358490566
1 0.213375 0.25444575471698117 0.40452083333333333 0.15432783018867924
0 0.232125 0.1744693396226415 0.31704166666666667 0.0690683962264151
0 0.27447916666666666 0.1275 0.19341666666666668 0.06554245283018868
1 0.4793541666666667 0.2055188679245283 0.24408333333333332 0.13902122641509435
1 0.4890625 0.13850235849056605 0.224625 0.07182783018867925
1 0.49633333333333335 0.12455188679245284 0.2829583333333333 0.11859669811320754
0 0.5182291666666666 0.07070754716981133 0.1663125 0.05022405660377359
0 0.5796666666666667 0.031403301886792453 0.11629166666666667 0.0628183962264151