0 0.23483854166666665 0.5595694444444445 0.34415625 0.39599537037037036
0 0.022916666666666665 0.5565601851851852 0.04583333333333333 0.4316388888888889
0 0.9549791666666666 0.7202361111111111 0.09004166666666666 0.16230555555555554
1 0.8165364583333333 0.4734351851851852 0.36692708333333335 0.9459444444444445
1 0.6040781249999999 0.4727546296296296 0.3430520833333333 0.7547638888888889
1 0.34865104166666666 0.4308888888888889 0.15217708333333332 0.3608472222222222
1 0.4601015625 0.5440648148148148 0.16885937499999998 0.4418194444444445
1 0.3002083333333333 0.26749074074074075 0.09468750000000001 0.2470185185185185
1 0.3919973958333333 0.2293148148148148 0.06733072916666667 0.06418518518518518
1 0.030729166666666665 0.2786064814814815 0.06145833333333333 0.139625
1 0.042942708333333336 0.12839351851851852 0.0823359375 0.19567592592592595
1 0.17145572916666665 0.2570601851851852 0.23313020833333334 0.4900462962962963
1 0.119234375 0.17631018518518518 0.06086458333333333 0.09243518518518519