0 0.23405729166666667 0.5630416666666667 0.34780208333333335 0.38905092592592594
0 0.022916666666666665 0.5602638888888889 0.04583333333333333 0.4205277777777778
0 0.9544583333333333 0.7197731481481482 0.09108333333333334 0.17249074074074072
1 0.8197916666666667 0.4778333333333333 0.36041666666666666 0.955662037037037
1 0.6022552083333333 0.47576388888888893 0.3342005208333333 0.7561527777777778
1 0.3516458333333333 0.4419953703703704 0.154 0.3830648148148148
1 0.45241927083333333 0.4947546296296297 0.1347473958333333 0.5441388888888888
1 0.29916666666666664 0.24365740740740738 0.10301822916666666 0.20952777777777776
1 0.3874401041666667 0.23394444444444445 0.06602864583333333 0.07343981481481482
1 0.12327083333333334 0.17538425925925924 0.07154166666666667 0.09058333333333334
1 0.0545234375 0.4894305555555556 0.10904947916666667 0.5658981481481481
1 0.0432265625 0.12839351851851852 0.08645572916666668 0.17716203703703703
1 0.17601302083333334 0.2570601851851852 0.231828125 0.4900462962962963