0 0.21511792452830186 0.6744791666666666 0.1382193396226415 0.24214583333333334
1 0.4647877358490566 0.5972083333333333 0.09508254716981132 0.36033333333333334
0 0.4725117924528302 0.48133333333333334 0.11244103773584906 0.12858333333333333
0 0.5179481132075472 0.4673125 0.14139150943396228 0.183875
0 0.9278655660377358 0.11472916666666667 0.10358490566037737 0.13777083333333331
1 0.06818396226415094 0.282875 0.13636792452830188 0.2468125
1 0.09325471698113208 0.08727083333333334 0.10337264150943395 0.16239583333333335
1 0.019174528301886793 0.07949999999999999 0.037924528301886785 0.13552083333333334
1 0.37195754716981133 0.047875 0.07666273584905661 0.09575
1 0.5344575471698113 0.07362500000000001 0.07577830188679247 0.14725000000000002
1 0.7826179245283018 0.08497916666666666 0.10253537735849057 0.16997916666666668
1 0.8278537735849056 0.5807291666666666 0.10295990566037735 0.3842083333333333
1 0.9227240566037737 0.7411458333333333 0.13617924528301886 0.3602916666666667
1 0.29316037735849054 0.37604166666666666 0.11419811320754718 0.25133333333333335