0 0.48800000000000004 0.3992806603773585 0.4051666666666666 0.12560141509433964
0 0.7685416666666666 0.09880896226415095 0.24404166666666666 0.06319575471698113
0 0.8161041666666667 0.0375 0.13779166666666667 0.0663561320754717
1 0.21441666666666667 0.2540566037735849 0.4135625 0.16140330188679247
0 0.24706250000000002 0.18075471698113207 0.2705 0.06591981132075471
0 0.2658125 0.12652122641509433 0.183 0.06751179245283019
1 0.4824791666666667 0.2035495283018868 0.24477083333333333 0.12722877358490567
1 0.49564583333333334 0.12258254716981132 0.2954583333333333 0.10680424528301886
1 0.49602083333333336 0.14380896226415094 0.23852083333333332 0.07064858490566037
0 0.5144166666666666 0.0754245283018868 0.18089583333333334 0.05965801886792453
0 0.3144166666666666 0.11649764150943397 0.1135625 0.05925707547169811
0 0.5852291666666667 0.032983490566037735 0.12739583333333332 0.037665094339622646