0 0.5755 0.5446933962264151 0.4135 0.21202830188679248
0 0.7633541666666667 0.25248820754716983 0.2455 0.09537735849056603
0 0.47762499999999997 0.24541273584905662 0.29614583333333333 0.11267688679245283
0 0.8840208333333333 0.21101415094339623 0.2319375 0.10285377358490566
0 0.9251458333333333 0.31104952830188676 0.019166666666666665 0.031191037735849057
1 0.6855833333333333 0.05616745283018868 0.0955 0.10761792452830189
0 0.7518958333333334 0.0911438679245283 0.12260416666666667 0.05965801886792453
0 0.876875 0.05478773584905661 0.18291666666666667 0.05377358490566038
1 0.2075 0.18840801886792455 0.37804166666666666 0.1952240566037736
0 0.2519166666666667 0.24600235849056606 0.21079166666666668 0.08634433962264151
1 0.19464583333333335 0.05262971698113208 0.15870833333333334 0.10525943396226416
1 0.25054166666666666 0.032193396226415094 0.15245833333333333 0.06438679245283019