0 0.4814166666666667 0.39495283018867927 0.38504166666666667 0.12481132075471699
1 0.4897708333333333 0.20787735849056604 0.26491666666666663 0.12800707547169812
1 0.2251875 0.24875 0.41425 0.1468632075471698
0 0.7786041666666667 0.09626179245283019 0.2572291666666667 0.062016509433962266
0 0.2220625 0.18075471698113207 0.331625 0.08163915094339623
1 0.4745 0.13673349056603773 0.23991666666666667 0.07221698113207548
1 0.49912500000000004 0.12494103773584905 0.28852083333333334 0.11152122641509433
0 0.26408333333333334 0.11629716981132077 0.18647916666666667 0.04707547169811321
0 0.34602083333333333 0.102936320754717 0.17739583333333334 0.06751179245283019
0 0.5060833333333333 0.07149764150943397 0.16977083333333332 0.05180424528301887
0 0.41962499999999997 0.024929245283018868 0.21979166666666666 0.04120283018867924
0 0.5755208333333334 0.031214622641509433 0.14202083333333335 0.03805424528301887
0 0.8060416666666667 0.03337264150943396 0.152375 0.06202830188679245