0 0.2247995283018868 0.6875 0.1636202830188679 0.2760416666666667
0 0.5196108490566038 0.46225 0.1459316037735849 0.20572916666666666
0 0.9345518867924528 0.11068750000000001 0.10908018867924528 0.15364583333333334
1 0.30512971698113206 0.3880208333333333 0.14445754716981132 0.2864583333333333
1 0.4672759433962264 0.5859375 0.10318396226415094 0.359375
1 0.823997641509434 0.5677083333333334 0.11202830188679246 0.421875
1 0.9296933962264151 0.7513124999999999 0.140625 0.4713541666666667
1 0.07370283018867925 0.2760416666666667 0.14150943396226415 0.265625
1 0.10097877358490566 0.09635416666666667 0.12234669811320754 0.18229166666666666
1 0.5439268867924528 0.07943750000000001 0.10908018867924528 0.15885416666666666
1 0.7864150943396226 0.10416666666666667 0.11939858490566038 0.20833333333333334