0 0.23340624999999998 0.5755416666666667 0.34910416666666666 0.3862685185185185
0 0.022265625 0.5639675925925927 0.04453125 0.4464490740740741
0 0.9525052083333333 0.7160694444444444 0.09498958333333334 0.16878703703703704
1 0.8165364583333333 0.479912037037037 0.36692708333333335 0.9589027777777778
1 0.5923619791666667 0.4709027777777778 0.31441145833333334 0.7510648148148148
1 0.346046875 0.4380601851851852 0.1573828125 0.36131018518518515
1 0.4491640625 0.5132777777777778 0.1698984375 0.47006944444444443
1 0.29890625 0.2577731481481481 0.09729166666666668 0.21832407407407406
1 0.382890625 0.24019444444444446 0.07067708333333332 0.07205092592592592
1 0.0580390625 0.4820231481481482 0.1103515625 0.5510879629629629
1 0.041773437499999996 0.13950462962962962 0.082078125 0.1956712962962963
1 0.12027604166666667 0.18209722222222222 0.06294791666666667 0.0808611111111111
1 0.1786171875 0.26307870370370373 0.22661979166666668 0.4928194444444444