1 0.9378541666666667 0.8569221698113207 0.1243125 0.2861674528301887
1 0.38525 0.6462971698113207 0.2552083333333333 0.19116745283018868
1 0.4560625 0.5722051886792453 0.34129166666666666 0.2356014150943396
1 0.8892291666666666 0.0494811320754717 0.22152083333333333 0.09897405660377359
1 0.6959791666666667 0.04240566037735849 0.24472916666666666 0.08482311320754718
1 0.49912500000000004 0.02060141509433962 0.2051875 0.04041273584905661
0 0.28352083333333333 0.1135495283018868 0.1698125 0.08087264150943396
1 0.25783333333333336 0.02178066037735849 0.21564583333333334 0.034917452830188676
1 0.41022916666666664 0.17014150943396228 0.3329791666666667 0.11544811320754718
0 0.430375 0.470813679245283 0.13714583333333333 0.12715801886792452
0 0.7935416666666666 0.5657311320754717 0.01627083333333333 0.006462264150943396