1 0.22864583333333333 0.25306603773584907 0.40731249999999997 0.14765330188679243
0 0.4824583333333334 0.39652122641509435 0.39406250000000004 0.12795990566037738
0 0.7702708333333333 0.09979952830188679 0.24056249999999998 0.061226415094339626
0 0.8112499999999999 0.03534198113207547 0.14195833333333333 0.07067216981132075
0 0.257125 0.18626179245283017 0.2559166666666667 0.07692216981132076
0 0.2651458333333333 0.11790094339622642 0.19895833333333332 0.05672169811320755
1 0.5005000000000001 0.11767688679245283 0.2635208333333333 0.10091981132075471
1 0.5112916666666666 0.147936320754717 0.23575 0.09068396226415094
0 0.5185833333333333 0.07070754716981133 0.1725625 0.05022405660377359
0 0.58975 0.026497641509433963 0.10170833333333333 0.04433962264150944
0 0.3060833333333333 0.09939858490566038 0.09689583333333333 0.052582547169811325
1 0.48004166666666664 0.20806603773584906 0.25658333333333333 0.1244693396226415