1 0.8125 0.4710648148148148 0.3645833333333333 0.9421296296296297
1 0.5989583333333334 0.4351851851851852 0.359375 0.7175925925925926
1 0.3580729166666667 0.4131944444444444 0.16927083333333334 0.3819444444444444
1 0.2890625 0.26157407407407407 0.109375 0.2962962962962963
1 0.3958333333333333 0.32175925925925924 0.15364583333333334 0.2824074074074074
1 0.16927083333333334 0.22453703703703703 0.22395833333333334 0.41203703703703703
1 0.050130208333333336 0.11805555555555555 0.10026041666666667 0.18055555555555555
1 0.041666666666666664 0.25925925925925924 0.08333333333333333 0.21296296296296297
1 0.130859375 0.20601851851851852 0.10026041666666667 0.16666666666666666
0 0.046223958333333336 0.5416666666666666 0.09244791666666667 0.39814814814814814
0 0.234375 0.5868055555555556 0.3541666666666667 0.41435185185185186