1 0.0862382075471698 0.2708333333333333 0.1577240566037736 0.265625
1 0.10613207547169812 0.08985416666666667 0.1267688679245283 0.1796875
1 0.8247405660377358 0.5794374999999999 0.11939858490566038 0.4140625
1 0.9363207547169812 0.734375 0.12735849056603774 0.4427083333333333
1 0.7775707547169811 0.09635416666666667 0.11939858490566038 0.19270833333333334
1 0.5424528301886793 0.08204166666666667 0.1179245283018868 0.1640625
0 0.22185141509433962 0.6705833333333333 0.1577240566037736 0.2890625
0 0.3021816037735849 0.3828125 0.1474056603773585 0.3229166666666667
0 0.5173938679245284 0.4570416666666667 0.14150943396226415 0.1953125
1 0.4672759433962264 0.5924583333333333 0.10613207547169812 0.3776041666666667
0 0.9382429245283019 0.10677083333333333 0.1164504716981132 0.15625