0 0.22542452830188678 0.6813958333333333 0.1390683962264151 0.24112499999999998
1 0.29924528301886794 0.37927083333333333 0.12160377358490566 0.27854166666666663
1 0.8258490566037736 0.5653541666666667 0.10406839622641509 0.379875
1 0.0805306603773585 0.27320833333333333 0.1578183962264151 0.2872708333333333
0 0.9341037735849057 0.1163125 0.0988561320754717 0.14429166666666668
1 0.466686320754717 0.5884791666666668 0.09799528301886792 0.363625
1 0.543443396226415 0.07527083333333334 0.09350235849056604 0.1496875
1 0.7867099056603774 0.09360416666666667 0.09180424528301886 0.16968750000000002
1 0.3867452830188679 0.05316666666666667 0.0748938679245283 0.09716666666666667
1 0.09974056603773584 0.0806875 0.11324292452830188 0.1521875
1 0.9270283018867924 0.7480833333333333 0.13564858490566037 0.4078333333333333