0 0.48662500000000003 0.39849056603773586 0.40239583333333334 0.13975235849056605
0 0.7758333333333333 0.09685141509433962 0.25166666666666665 0.06712264150943396
0 0.8116041666666667 0.03553066037735849 0.13570833333333335 0.07028301886792453
1 0.21614583333333334 0.2546462264150943 0.41008333333333336 0.15079009433962265
0 0.2810833333333333 0.18841981132075472 0.24133333333333334 0.06945754716981131
0 0.27066666666666667 0.12731132075471696 0.17883333333333334 0.06908018867924529
0 0.30191666666666667 0.10116745283018869 0.12189583333333333 0.052181603773584904
1 0.4842083333333333 0.2092452830188679 0.24825 0.1346933962264151
1 0.5112916666666666 0.14224056603773585 0.20797916666666666 0.0832193396226415
1 0.49147916666666663 0.11080188679245283 0.28712499999999996 0.0832311320754717
0 0.5158125 0.07110849056603773 0.17810416666666665 0.05887971698113208
0 0.5671875 0.029445754716981132 0.1586875 0.03844339622641509