1 0.8216145833333334 0.48148148148148145 0.3567708333333333 0.9629629629629629
1 0.5846354166666666 0.47337962962962965 0.3255208333333333 0.7476851851851852
1 0.3483072916666667 0.39467592592592593 0.17317708333333334 0.2847222222222222
1 0.298828125 0.2673611111111111 0.12369791666666667 0.2662037037037037
1 0.3997395833333333 0.28703703703703703 0.12760416666666666 0.2037037037037037
1 0.17903645833333334 0.20601851851851852 0.16796875 0.41203703703703703
1 0.05078125 0.1400462962962963 0.09114583333333333 0.21064814814814814
1 0.123046875 0.2048611111111111 0.08723958333333333 0.16898148148148148
1 0.036458333333333336 0.28125 0.07291666666666667 0.1412037037037037
0 0.036458333333333336 0.5439814814814815 0.07291666666666667 0.4351851851851852
0 0.23177083333333334 0.5659722222222222 0.3489583333333333 0.3912037037037037