1 0.822265625 0.4699074074074074 0.33984375 0.9305555555555556
1 0.5859375 0.47453703703703703 0.3125 0.7638888888888888
1 0.3313802083333333 0.39467592592592593 0.12630208333333334 0.28935185185185186
1 0.3053385416666667 0.24074074074074073 0.12109375 0.24074074074074073
1 0.3984375 0.27546296296296297 0.1328125 0.17592592592592593
1 0.19270833333333334 0.2152777777777778 0.22916666666666666 0.4027777777777778
1 0.048177083333333336 0.1527777777777778 0.08854166666666667 0.21296296296296297
1 0.045572916666666664 0.2488425925925926 0.09114583333333333 0.16435185185185186
1 0.12890625 0.19328703703703703 0.08854166666666667 0.16898148148148148
0 0.22591145833333334 0.5706018518518519 0.36328125 0.3912037037037037
0 0.040364583333333336 0.5555555555555556 0.08072916666666667 0.5