1 0.08549528301886793 0.2695416666666667 0.1474056603773585 0.2890625
1 0.23142688679245282 0.6757916666666667 0.15330188679245282 0.2421875
1 0.9341155660377358 0.7513124999999999 0.1317806603773585 0.4036458333333333
1 0.8431603773584906 0.5455833333333333 0.13266509433962265 0.3567708333333333
1 0.4658018867924528 0.5612083333333333 0.10318396226415094 0.3255208333333333
0 0.5284551886792452 0.46225 0.1488797169811321 0.23177083333333334
0 0.9441391509433962 0.11850000000000001 0.11055424528301887 0.15885416666666666
1 0.10834905660377359 0.08333333333333333 0.13413915094339623 0.16666666666666666
1 0.557936320754717 0.07552083333333333 0.1252948113207547 0.15104166666666666
1 0.7900943396226415 0.09375 0.11202830188679246 0.1875
1 0.29850235849056606 0.3658958333333333 0.13708726415094338 0.2942708333333333