1 0.30254716981132074 0.38343750000000004 0.1282075471698113 0.27020833333333333
0 0.22919811320754718 0.6799375 0.14661556603773584 0.23404166666666668
1 0.8297405660377358 0.5349166666666666 0.10005896226415094 0.32735416666666667
0 0.939056603773585 0.1175625 0.10404481132075472 0.13845833333333332
1 0.0975 0.26716666666666666 0.14272405660377357 0.2793541666666667
1 0.46432783018867924 0.5572291666666668 0.1027122641509434 0.3094375
1 0.9243160377358491 0.7482916666666667 0.14860849056603773 0.40408333333333335
1 0.09903301886792454 0.08422916666666666 0.11372641509433962 0.15510416666666668
1 0.7913089622641509 0.0881875 0.10336084905660378 0.1671875
1 0.5494575471698113 0.07670833333333334 0.08902122641509433 0.14010416666666667
1 0.3964033018867924 0.049833333333333334 0.07064858490566037 0.0905