0 0.2261145833333333 0.5790138888888889 0.35535416666666664 0.3793240740740741
0 0.022265625 0.5678981481481482 0.04453125 0.44968981481481485
0 0.952375 0.7123657407407408 0.09525 0.18730092592592593
1 0.819140625 0.47690740740740734 0.36171875 0.9538101851851852
1 0.5970494791666667 0.4639583333333333 0.32378385416666666 0.7464351851851851
1 0.3069869791666667 0.3994166666666667 0.120921875 0.2979027777777778
1 0.42572916666666666 0.49915740740740744 0.17510416666666667 0.5020138888888889
1 0.3028125 0.23255555555555554 0.07906250000000001 0.061407407407407404
1 0.3121848958333333 0.19042592592592592 0.10822395833333333 0.13455555555555554
1 0.0518203125 0.49382870370370374 0.103640625 0.5793194444444444
1 0.04307552083333333 0.14320833333333333 0.06801822916666667 0.18826388888888887
1 0.120015625 0.19297685185185184 0.06763541666666667 0.08872685185185185
1 0.17978906249999999 0.2667824074074074 0.24771354166666668 0.48170833333333335
1 0.37729166666666664 0.25593055555555555 0.05323177083333333 0.08500925925925926