1 0.8196614583333334 0.47337962962962965 0.3346354166666667 0.9467592592592593
1 0.5872395833333334 0.4675925925925926 0.3489583333333333 0.7777777777777778
1 0.3307291666666667 0.36921296296296297 0.14583333333333334 0.26157407407407407
1 0.30859375 0.19212962962962962 0.09635416666666667 0.16203703703703703
1 0.3880208333333333 0.2789351851851852 0.1171875 0.18287037037037038
1 0.18294270833333334 0.21180555555555555 0.25390625 0.3958333333333333
1 0.048177083333333336 0.13773148148148148 0.0859375 0.17824074074074073
1 0.12630208333333334 0.19675925925925927 0.1015625 0.16666666666666666
1 0.044270833333333336 0.2662037037037037 0.0859375 0.18055555555555555
0 0.040364583333333336 0.53125 0.08072916666666667 0.44675925925925924
0 0.22526041666666666 0.5740740740740741 0.3645833333333333 0.4027777777777778