1 0.23511792452830188 0.6862083333333333 0.1665683962264151 0.2734375
1 0.8269457547169812 0.5338541666666666 0.1179245283018868 0.34375
1 0.9392688679245284 0.7473958333333334 0.1214622641509434 0.4166666666666667
1 0.09876179245283019 0.2552083333333333 0.15625 0.2760416666666667
1 0.10245283018867923 0.0859375 0.13413915094339623 0.16666666666666666
1 0.4569575471698113 0.5442708333333334 0.10023584905660378 0.2760416666666667
1 0.2962853773584906 0.3802083333333333 0.1474056603773585 0.2916666666666667
1 0.7989386792452831 0.09114583333333333 0.11497641509433962 0.18229166666666666
1 0.5549882075471698 0.07943750000000001 0.11939858490566038 0.15885416666666666
0 0.5284551886792452 0.4635416666666667 0.1547759433962264 0.20833333333333334
0 0.9352948113207548 0.11329166666666667 0.12234669811320754 0.1484375