0 0.22572395833333334 0.572763888888889 0.3623854166666666 0.380712962962963
0 0.023567708333333333 0.5639675925925927 0.047135416666666666 0.4279351851851852
0 0.9534166666666667 0.7144490740740741 0.09108333333333334 0.1877638888888889
1 0.8197916666666667 0.47737037037037033 0.36041666666666666 0.9491805555555556
1 0.6129322916666666 0.46835648148148146 0.35034375 0.7598564814814814
1 0.31935416666666666 0.3903888888888889 0.10399739583333334 0.27522222222222226
1 0.05829947916666667 0.4882731481481482 0.116078125 0.568212962962963
1 0.3876953125 0.43110185185185185 0.2071640625 0.6159074074074073
1 0.28810156249999996 0.23047222222222222 0.052244791666666665 0.08038425925925925
1 0.120796875 0.191125 0.07440625000000001 0.08502777777777777
1 0.0445078125 0.15686111111111112 0.07296614583333333 0.2202037037037037
1 0.1747109375 0.26238425925925923 0.2500546875 0.48680555555555555