0 0.22572395833333334 0.5762361111111112 0.3623854166666666 0.37376851851851856
0 0.021614583333333333 0.5688240740740741 0.043229166666666666 0.4515416666666667
0 0.9549791666666666 0.7206990740740741 0.09004166666666666 0.15212499999999998
1 0.819140625 0.46973148148148147 0.36171875 0.9385370370370371
1 0.608375 0.46858796296296296 0.34904166666666664 0.7556944444444444
1 0.05088020833333333 0.4998425925925926 0.1017578125 0.5820972222222222
1 0.40084635416666664 0.4355 0.22044010416666668 0.6293287037037036
1 0.3120572916666667 0.3804398148148148 0.07932031249999999 0.2692083333333333
1 0.12131770833333334 0.18394907407407407 0.07544791666666667 0.08456481481481481
1 0.17392968749999999 0.2790462962962963 0.24640885416666666 0.5016111111111111
1 0.040463541666666665 0.14970833333333333 0.0809296875 0.1913101851851852