1 0.24911556603773585 0.6940208333333333 0.18278301886792453 0.2890625
1 0.3125 0.3711041666666667 0.15919811320754718 0.2838541666666667
1 0.09950471698113207 0.23697916666666666 0.15182783018867924 0.22916666666666666
1 0.4658018867924528 0.5494791666666666 0.08549528301886793 0.296875
1 0.8380070754716981 0.5221458333333333 0.10170990566037735 0.3151041666666667
1 0.9525353773584906 0.7356874999999999 0.09492924528301887 0.4348958333333333
1 0.106875 0.08725000000000001 0.1488797169811321 0.17447916666666666
1 0.7982075471698113 0.08985416666666667 0.10760613207547169 0.1796875
1 0.5630896226415094 0.07422916666666667 0.11497641509433962 0.1484375
0 0.5395047169811321 0.4570416666666667 0.16214622641509435 0.2265625
0 0.9414858490566038 0.11458333333333333 0.11704009433962265 0.16145833333333334