0 0.23158333333333334 0.5748472222222223 0.3714973958333333 0.38025000000000003
0 0.020963541666666665 0.5577175925925927 0.04192708333333333 0.4293240740740741
0 0.9502916666666666 0.7202361111111111 0.09941666666666667 0.16230555555555554
1 0.819921875 0.47158333333333335 0.36015885416666665 0.9422407407407407
1 0.5969192708333334 0.4706712962962963 0.31571354166666665 0.7552268518518518
1 0.056606770833333334 0.5003101851851852 0.11321614583333334 0.5737638888888889
1 0.040984374999999997 0.15500925925925926 0.07363802083333333 0.19798148148148148
1 0.11793229166666667 0.18742129629629628 0.06346875 0.07762037037037037
1 0.29370572916666665 0.3818240740740741 0.09019270833333333 0.2812453703703704
1 0.3856145833333333 0.42716666666666664 0.19258072916666666 0.5941527777777778
1 0.2857578125 0.21889814814814815 0.052765625000000003 0.06650462962962964
1 0.16989322916666666 0.2674722222222222 0.22583854166666667 0.5062453703703704