0 0.9436910377358491 0.11589583333333334 0.11261792452830188 0.15364583333333334
0 0.5306603773584906 0.4648541666666667 0.15625 0.20572916666666666
1 0.2329009433962264 0.6796875 0.15035377358490565 0.265625
1 0.3110259433962264 0.4049583333333333 0.14445754716981132 0.3359375
1 0.46285377358490565 0.5494791666666666 0.09139150943396226 0.3072916666666667
1 0.8409551886792452 0.5208333333333334 0.11350235849056604 0.3229166666666667
1 0.7974646226415094 0.08725000000000001 0.12971698113207547 0.17447916666666666
1 0.9429599056603774 0.7487083333333333 0.11409198113207547 0.4192708333333333
1 0.11350235849056604 0.23047916666666665 0.16804245283018868 0.20572916666666666
1 0.550566037735849 0.07422916666666667 0.09876179245283019 0.1484375
1 0.10834905660377359 0.08333333333333333 0.1577240566037736 0.16666666666666666