0 0.23556603773584905 0.6813958333333333 0.13576650943396226 0.24112499999999998
1 0.30962264150943397 0.3828125 0.12349056603773585 0.26479166666666665
1 0.09974056603773584 0.23570833333333333 0.15475235849056604 0.21225
1 0.10162735849056605 0.0788125 0.12268867924528302 0.15260416666666668
1 0.5532311320754717 0.07066666666666667 0.08713443396226415 0.1321875
1 0.7974410377358491 0.08714583333333333 0.08732311320754717 0.16927083333333334
0 0.9493042452830188 0.11277083333333333 0.09862028301886792 0.141375
1 0.8388325471698114 0.518875 0.10110849056603773 0.29941666666666666
0 0.5337853773584905 0.4865625 0.1475117924528302 0.18277083333333335
1 0.4560731132075472 0.5499166666666666 0.0909198113207547 0.30735416666666665
1 0.9336084905660378 0.7393333333333333 0.13277122641509434 0.4153333333333334
1 0.4112617924528302 0.03754166666666667 0.0579127358490566 0.06175