0 0.218953125 0.5787824074074075 0.34884635416666665 0.36497685185185186
0 0.020963541666666665 0.5604953703703704 0.04192708333333333 0.43487962962962967
0 0.952375 0.7216250000000001 0.09525 0.16878703703703704
1 0.819140625 0.4732037037037037 0.36171875 0.9464074074074074
1 0.5990026041666667 0.46141203703703704 0.3302942708333333 0.7367175925925926
1 0.29761197916666665 0.3783518518518519 0.07717447916666667 0.3067037037037037
1 0.3856328125 0.4399120370370371 0.201140625 0.6093935185185185
1 0.28484635416666665 0.21797685185185184 0.048338541666666665 0.046134259259259264
1 0.04515104166666666 0.4845694444444445 0.09030208333333332 0.5422916666666666
1 0.039820312499999996 0.16241666666666665 0.06359114583333333 0.19427777777777777
1 0.11467708333333333 0.18788425925925925 0.05956510416666667 0.08780555555555555
1 0.1731484375 0.26469907407407406 0.24276302083333334 0.48217592592592595