1 0.2432193396226415 0.6809999999999999 0.16804245283018868 0.2682291666666667
1 0.31913915094339623 0.3854166666666667 0.1577240566037736 0.3020833333333333
1 0.4569575471698113 0.5455833333333333 0.0972877358490566 0.3359375
1 0.8018867924528302 0.08072916666666667 0.1267688679245283 0.16145833333333334
1 0.8490566037735849 0.5091249999999999 0.1179245283018868 0.3567708333333333
1 0.12014150943396226 0.23047916666666665 0.1488797169811321 0.2265625
1 0.10760613207547169 0.08725000000000001 0.15625 0.17447916666666666
0 0.5402476415094339 0.4505208333333333 0.14003537735849056 0.23958333333333334
0 0.9481132075471698 0.11068750000000001 0.10377358490566038 0.19010416666666666
1 0.9488561320754717 0.7552083333333334 0.1022995283018868 0.4583333333333333
1 0.5571933962264151 0.07683333333333334 0.11497641509433962 0.15364583333333334