0 0.222859375 0.5806342592592593 0.3618645833333333 0.36867592592592596
0 0.019661458333333333 0.5549398148148148 0.039322916666666666 0.42376851851851854
0 0.9518541666666667 0.7179212962962963 0.09629166666666666 0.17619444444444443
1 0.8178385416666667 0.47436111111111107 0.36432291666666666 0.9477962962962962
1 0.6073333333333333 0.4709027777777778 0.3469583333333333 0.7695787037037037
1 0.3953776041666667 0.435037037037037 0.204296875 0.5821157407407407
1 0.29591406249999996 0.3714074074074074 0.05745052083333334 0.3020787037037037
1 0.28211197916666664 0.21774537037037037 0.045473958333333335 0.05030092592592593
1 0.04515104166666666 0.490587962962963 0.09030208333333332 0.5450648148148147
1 0.04242447916666667 0.17259722222222224 0.06671614583333334 0.2146435185185185
1 0.11428645833333334 0.19667592592592592 0.0561796875 0.09613425925925927
1 0.16026041666666666 0.2790462962962963 0.2398984375 0.5016111111111111