0 0.5417216981132076 0.4635416666666667 0.15182783018867924 0.203125
0 0.9510613207547169 0.11589583333333334 0.09787735849056604 0.1484375
1 0.3132429245283019 0.3763125 0.1577240566037736 0.2994791666666667
1 0.44516509433962265 0.5286458333333334 0.13266509433962265 0.3489583333333333
1 0.234375 0.6940208333333333 0.18278301886792453 0.2890625
1 0.8195754716981132 0.08854166666666667 0.13266509433962265 0.17708333333333334
1 0.8579009433962265 0.4987083333333333 0.1267688679245283 0.3515625
1 0.12014150943396226 0.23958333333333334 0.16067216981132076 0.234375
1 0.10613207547169812 0.0859375 0.15035377358490565 0.171875
1 0.5667806603773585 0.07683333333333334 0.11055424528301887 0.15364583333333334
1 0.9554834905660378 0.734375 0.08903301886792453 0.4322916666666667