0 0.220515625 0.5824861111111111 0.3623854166666666 0.37237962962962967
0 0.018359375 0.5722962962962963 0.03671875 0.44459722222222225
1 0.8204427083333333 0.4824629629629629 0.35911458333333335 0.913074074074074
1 0.6043385416666667 0.45631944444444444 0.3383671875 0.7357916666666666
1 0.2908411458333333 0.3753425925925926 0.08029687499999999 0.3053148148148148
1 0.054783854166666666 0.4993842592592593 0.1064453125 0.571912037037037
1 0.4026666666666667 0.45169907407407406 0.22929427083333334 0.6154398148148148
1 0.2849765625 0.21797685185185184 0.05641145833333334 0.046134259259259264
1 0.11480729166666667 0.1994537037037037 0.06763541666666667 0.10168981481481482
1 0.048151041666666665 0.16797222222222222 0.06567447916666666 0.20538425925925927
1 0.16807291666666666 0.26122685185185185 0.2555234375 0.4706018518518518