0 0.2241614583333333 0.5709166666666667 0.35926041666666664 0.3584953703703704
0 0.0203125 0.5674398148148149 0.040625 0.4209907407407408
1 0.8184895833333333 0.47574999999999995 0.36302083333333335 0.9413148148148148
1 0.6134531249999999 0.4715972222222222 0.36179947916666666 0.7570787037037037
1 0.29500781249999997 0.3922361111111111 0.07196614583333334 0.3344722222222222
1 0.4029270833333333 0.45308796296296294 0.22460677083333333 0.6089583333333333
1 0.049578125 0.48017592592592595 0.09603125 0.5288703703703703
1 0.05153645833333333 0.18718055555555554 0.0599453125 0.22991666666666666
1 0.11949479166666667 0.1959861111111111 0.06659375 0.09011574074074075
1 0.2814609375 0.21982407407407406 0.04677604166666667 0.049837962962962966
1 0.15778645833333332 0.27164351851851853 0.23703385416666667 0.48680092592592594