0 0.22364062499999998 0.5780879629629629 0.35821875 0.3589583333333333
0 0.021744791666666666 0.5528564814814815 0.04348697916666667 0.4057175925925926
1 0.8184895833333333 0.4732037037037037 0.36302083333333335 0.9464074074074074
1 0.6001744791666667 0.4704398148148148 0.33003385416666664 0.7593935185185186
1 0.2982552083333333 0.37603703703703706 0.056929687500000006 0.31133333333333335
1 0.40383854166666666 0.4523888888888889 0.21237239583333334 0.6103564814814815
1 0.2839348958333333 0.22167592592592592 0.043911458333333334 0.05354166666666667
1 0.049838541666666666 0.4794814814814815 0.09967447916666666 0.5413657407407407
1 0.05231770833333334 0.18278240740740742 0.0677578125 0.21649074074074073
1 0.117546875 0.19343981481481481 0.06490625 0.09891203703703703
1 0.15765625 0.2790462962962963 0.24510416666666668 0.5016111111111111