1 0.31481132075471696 0.3803125 0.13386792452830187 0.2764583333333333
1 0.12226415094339624 0.228625 0.13566037735849057 0.23975
0 0.23827830188679244 0.6918124999999999 0.1435495283018868 0.25364583333333335
0 0.5699764150943396 0.07004166666666665 0.09702830188679246 0.12677083333333333
0 0.9564858490566038 0.11089583333333333 0.08702830188679245 0.14177083333333332
1 0.8731485849056603 0.4986666666666667 0.11502358490566038 0.36318750000000005
1 0.46574292452830185 0.518875 0.10554245283018868 0.3661041666666666
1 0.10245283018867923 0.06795833333333333 0.12811320754716982 0.1309375
1 0.9429245283018868 0.7835 0.11413915094339623 0.3703541666666667
1 0.820188679245283 0.08922916666666666 0.11161556603773586 0.16510416666666666
0 0.5410966981132076 0.47052083333333333 0.15271226415094338 0.17066666666666666