1 0.31233490566037736 0.38364583333333335 0.12183962264150942 0.283125
0 0.23462264150943396 0.6966041666666667 0.15274764150943396 0.25072916666666667
1 0.12709905660377357 0.223 0.1472169811320755 0.24100000000000002
1 0.5764622641509434 0.06899999999999999 0.08594339622641509 0.12885416666666666
1 0.8868278301886792 0.4905416666666667 0.131061320754717 0.3761041666666667
1 0.4650353773584906 0.5092916666666667 0.1088443396226415 0.3719375
1 0.9464622641509435 0.8099583333333332 0.10706367924528302 0.31077083333333333
1 0.11153301886792452 0.06670833333333334 0.16890330188679245 0.1334375
0 0.5492216981132075 0.4659375 0.1592924528301887 0.18522916666666667
0 0.9623820754716982 0.10672916666666667 0.07523584905660377 0.1334375
1 0.8339858490566038 0.08839583333333333 0.09911556603773584 0.1634375