0 0.22311979166666665 0.5780879629629629 0.3571770833333333 0.3589583333333333
0 0.0203125 0.5604953703703704 0.040625 0.4163611111111111
1 0.8165364583333333 0.46973148148148147 0.36692708333333335 0.9385370370370371
1 0.6055104166666666 0.47599537037037043 0.33810416666666665 0.7519861111111111
1 0.2842005208333333 0.38737962962962963 0.085765625 0.31086574074074075
1 0.39357291666666666 0.4559490740740741 0.25243489583333334 0.6075462962962963
1 0.049317708333333335 0.4794814814814815 0.09863541666666667 0.5228518518518518
1 0.060000000000000005 0.19134722222222222 0.06020833333333333 0.21047222222222223
1 0.116765625 0.20038425925925926 0.07167447916666667 0.08502314814814815
1 0.165859375 0.2825185185185185 0.24692968750000002 0.4946666666666667
1 0.28406510416666664 0.22977777777777778 0.039486979166666665 0.055851851851851854