0 0.22728645833333333 0.5817916666666667 0.36551041666666667 0.36636111111111114
0 0.019661458333333333 0.5611898148148149 0.039322916666666666 0.4038611111111111
1 0.8197916666666667 0.4815324074074074 0.36041666666666666 0.9630694444444444
1 0.6088958333333333 0.47391203703703705 0.32925260416666663 0.752449074074074
1 0.28836718749999996 0.39108333333333334 0.08784895833333332 0.31827314814814817
1 0.40646354166666665 0.45895833333333336 0.2240546875 0.6061574074074074
1 0.2839348958333333 0.23255555555555554 0.043911458333333334 0.042888888888888886
1 0.12027604166666667 0.19968981481481482 0.07336458333333334 0.07900462962962963
1 0.050359375 0.49059259259259264 0.10071614583333334 0.5265509259259259
1 0.0584375 0.18347685185185186 0.06333333333333332 0.20399537037037035
1 0.1646875 0.27673148148148147 0.25708333333333333 0.4877268518518519