1 0.31221698113207547 0.38385416666666666 0.13339622641509435 0.29604166666666665
0 0.2359198113207547 0.6968125000000001 0.1577004716981132 0.2636458333333333
1 0.46527122641509433 0.5055416666666667 0.10459905660377358 0.35610416666666667
0 0.9606132075471698 0.10256249999999999 0.07877358490566037 0.14177083333333332
1 0.13417452830188678 0.21508333333333332 0.14250000000000002 0.23349999999999999
1 0.8956721698113207 0.49845833333333334 0.12423349056603773 0.4002708333333333
1 0.5812971698113207 0.06795833333333333 0.09136792452830189 0.1309375
1 0.9502358490566037 0.8234999999999999 0.09951650943396226 0.3170208333333333
0 0.5539386792452831 0.467625 0.1592924528301887 0.20522916666666668
1 0.09866745283018868 0.0615 0.14734669811320755 0.11385416666666666
1 0.8271462264150943 0.08652083333333334 0.10902122641509435 0.1638541666666667