1 0.13429245283018867 0.22341666666666665 0.13518867924528302 0.25016666666666665
1 0.31481132075471696 0.38510416666666664 0.13386792452830187 0.29020833333333335
0 0.23462264150943396 0.7020208333333334 0.15274764150943396 0.26989583333333333
1 0.465625 0.4934583333333334 0.0982311320754717 0.34025
0 0.963561320754717 0.10735416666666667 0.07287735849056604 0.13885416666666667
0 0.5836556603773585 0.06420833333333334 0.08665094339622642 0.12841666666666668
1 0.8997995283018868 0.4940833333333333 0.1324882075471698 0.3890208333333333
1 0.1019811320754717 0.07254166666666667 0.14791273584905662 0.13177083333333334
1 0.5551179245283019 0.44927083333333334 0.15693396226415096 0.16854166666666667
1 0.8359905660377358 0.08839583333333333 0.11018867924528301 0.1634375
1 0.9475235849056604 0.8345833333333333 0.10495283018867925 0.33083333333333337