0 0.22259895833333332 0.5831805555555556 0.35613541666666665 0.35987962962962966
0 0.020182291666666668 0.5688287037037038 0.040364583333333336 0.4145092592592593
1 0.8165364583333333 0.4810694444444444 0.36692708333333335 0.956587962962963
1 0.6254322916666666 0.4692824074074074 0.31284375 0.7431944444444444
1 0.4080052083333333 0.46512499999999996 0.22695052083333334 0.6145092592592593
1 0.29669270833333333 0.39663425925925927 0.06422135416666667 0.32937962962962963
1 0.2830234375 0.23116666666666666 0.039486979166666665 0.04937037037037037
1 0.049578125 0.4931342592592593 0.09603125 0.5362731481481481
1 0.05921875 0.1892638888888889 0.056562499999999995 0.19242129629629628
1 0.1179375 0.20014814814814816 0.06152083333333334 0.08918981481481482
1 0.15856770833333333 0.29108333333333336 0.24067968750000002 0.507162037037037