1 0.8209635416666666 0.4837962962962963 0.3450520833333333 0.9675925925925926
1 0.62109375 0.4664351851851852 0.3098958333333333 0.7754629629629629
1 0.298828125 0.3275462962962963 0.07942708333333333 0.2337962962962963
1 0.33203125 0.21296296296296297 0.11458333333333333 0.18518518518518517
1 0.40625 0.45949074074074076 0.1875 0.5532407407407407
1 0.18815104166666666 0.21875 0.23307291666666666 0.3773148148148148
1 0.0546875 0.15393518518518517 0.08333333333333333 0.17824074074074073
1 0.1015625 0.20601851851851852 0.09635416666666667 0.17592592592592593
1 0.037760416666666664 0.25925925925925924 0.07291666666666667 0.17592592592592593
0 0.030598958333333332 0.53125 0.061197916666666664 0.4837962962962963
0 0.21940104166666666 0.5590277777777778 0.37890625 0.4097222222222222