1 0.818359375 0.4675925925925926 0.36328125 0.9351851851851852
1 0.5930989583333334 0.46064814814814814 0.3059895833333333 0.7777777777777778
1 0.314453125 0.36342592592592593 0.10026041666666667 0.27314814814814814
1 0.4244791666666667 0.47685185185185186 0.19270833333333334 0.5787037037037037
1 0.3203125 0.2743055555555556 0.14583333333333334 0.2199074074074074
1 0.18294270833333334 0.2326388888888889 0.18619791666666666 0.4236111111111111
1 0.06315104166666667 0.16203703703703703 0.07682291666666667 0.18518518518518517
1 0.11588541666666667 0.19675925925925927 0.1015625 0.16203703703703703
1 0.041666666666666664 0.27314814814814814 0.08333333333333333 0.2037037037037037
0 0.030598958333333332 0.5717592592592593 0.061197916666666664 0.4861111111111111
0 0.22135416666666666 0.5914351851851852 0.3671875 0.4050925925925926