1 0.8151041666666666 0.4861111111111111 0.3671875 0.9722222222222222
1 0.5983072916666666 0.4583333333333333 0.3190104166666667 0.7731481481481481
1 0.3053385416666667 0.33101851851851855 0.10546875 0.21296296296296297
1 0.3372395833333333 0.2326388888888889 0.13541666666666666 0.19675925925925927
1 0.4296875 0.4837962962962963 0.19270833333333334 0.5787037037037037
1 0.173828125 0.25810185185185186 0.23828125 0.44212962962962965
1 0.053385416666666664 0.16782407407407407 0.09635416666666667 0.1597222222222222
1 0.12630208333333334 0.2326388888888889 0.1015625 0.18287037037037038
1 0.039713541666666664 0.2962962962962963 0.07942708333333333 0.18981481481481483
0 0.026692708333333332 0.5659722222222222 0.053385416666666664 0.4791666666666667
0 0.22200520833333334 0.5833333333333334 0.3684895833333333 0.41203703703703703