1 0.8079427083333334 0.47685185185185186 0.3684895833333333 0.9537037037037037
1 0.5852864583333334 0.46296296296296297 0.2721354166666667 0.7916666666666666
1 0.296875 0.31712962962962965 0.09114583333333333 0.17592592592592593
1 0.3170572916666667 0.2534722222222222 0.11067708333333333 0.1597222222222222
1 0.4225260416666667 0.49074074074074076 0.22265625 0.5601851851851852
1 0.20052083333333334 0.2326388888888889 0.2526041666666667 0.3958333333333333
1 0.138671875 0.19328703703703703 0.08723958333333333 0.1087962962962963
1 0.06901041666666667 0.1712962962962963 0.10416666666666667 0.24537037037037038
1 0.04296875 0.25925925925925924 0.0859375 0.18518518518518517
0 0.032552083333333336 0.5416666666666666 0.06510416666666667 0.4861111111111111
0 0.21940104166666666 0.5856481481481481 0.3658854166666667 0.4027777777777778