1 0.7955729166666666 0.4861111111111111 0.4036458333333333 0.9722222222222222
1 0.6067708333333334 0.46875 0.2942708333333333 0.7847222222222222
1 0.3079427083333333 0.3287037037037037 0.08463541666666667 0.17592592592592593
1 0.3274739583333333 0.2650462962962963 0.11328125 0.1736111111111111
1 0.4186197916666667 0.4756944444444444 0.20442708333333334 0.5486111111111112
1 0.17252604166666666 0.22453703703703703 0.22786458333333334 0.39351851851851855
1 0.057291666666666664 0.16550925925925927 0.10416666666666667 0.18287037037037038
1 0.12760416666666666 0.21180555555555555 0.1015625 0.16435185185185186
1 0.037109375 0.2743055555555556 0.07421875 0.16898148148148148
0 0.036458333333333336 0.5567129629629629 0.07291666666666667 0.5069444444444444
0 0.22981770833333334 0.5763888888888888 0.3684895833333333 0.4027777777777778