1 0.7962239583333334 0.5 0.40234375 1
1 0.5846354166666666 0.45949074074074076 0.3333333333333333 0.7939814814814815
1 0.3046875 0.30787037037037035 0.0859375 0.1527777777777778
1 0.314453125 0.22569444444444445 0.11328125 0.13194444444444445
1 0.4205729166666667 0.47337962962962965 0.22135416666666666 0.5810185185185185
0 0.22721354166666666 0.5949074074074074 0.3736979166666667 0.3888888888888889
0 0.033203125 0.5844907407407407 0.06640625 0.48842592592592593
1 0.043619791666666664 0.3125 0.08723958333333333 0.20833333333333334
1 0.0625 0.17824074074074073 0.09114583333333333 0.1712962962962963
1 0.11263020833333333 0.20023148148148148 0.08463541666666667 0.1087962962962963
1 0.158203125 0.21643518518518517 0.21223958333333334 0.43287037037037035