1 0.7994791666666666 0.49074074074074076 0.4010416666666667 0.9814814814814815
1 0.5826822916666666 0.4525462962962963 0.26953125 0.7847222222222222
1 0.2955729166666667 0.3159722222222222 0.09114583333333333 0.16435185185185186
1 0.3209635416666667 0.2361111111111111 0.10807291666666667 0.17592592592592593
1 0.427734375 0.46875 0.2513020833333333 0.5578703703703703
1 0.18098958333333334 0.21643518518518517 0.21354166666666666 0.42824074074074076
0 0.22591145833333334 0.5983796296296297 0.3606770833333333 0.3912037037037037
0 0.045572916666666664 0.5347222222222222 0.09114583333333333 0.4583333333333333
1 0.034505208333333336 0.29050925925925924 0.06901041666666667 0.1875
1 0.061197916666666664 0.16782407407407407 0.10416666666666667 0.2013888888888889
1 0.126953125 0.21875 0.07421875 0.16435185185185186