1 0.7838541666666666 0.5 0.4270833333333333 1
1 0.5930989583333334 0.4548611111111111 0.26171875 0.7847222222222222
1 0.296875 0.33101851851851855 0.09635416666666667 0.17592592592592593
1 0.3157552083333333 0.22337962962962962 0.09765625 0.18287037037037038
1 0.421875 0.4675925925925926 0.2421875 0.5370370370370371
1 0.17122395833333334 0.23032407407407407 0.21484375 0.4236111111111111
1 0.057291666666666664 0.17939814814814814 0.0703125 0.16898148148148148
1 0.12044270833333333 0.22106481481481483 0.09244791666666667 0.1550925925925926
1 0.033854166666666664 0.2488425925925926 0.06770833333333333 0.2152777777777778
0 0.035807291666666664 0.5486111111111112 0.07161458333333333 0.4861111111111111
0 0.21614583333333334 0.6006944444444444 0.3880208333333333 0.41898148148148145