1 0.7916666666666666 0.46296296296296297 0.4166666666666667 0.9166666666666666
1 0.58984375 0.4618055555555556 0.2942708333333333 0.7754629629629629
1 0.3001302083333333 0.3333333333333333 0.10286458333333333 0.20833333333333334
1 0.3248697916666667 0.2569444444444444 0.11848958333333333 0.14814814814814814
1 0.4134114583333333 0.5289351851851852 0.23828125 0.5393518518518519
1 0.17317708333333334 0.2569444444444444 0.22135416666666666 0.4351851851851852
1 0.06510416666666667 0.21643518518518517 0.09114583333333333 0.19212962962962962
1 0.13411458333333334 0.24189814814814814 0.09895833333333333 0.19212962962962962
1 0.035807291666666664 0.26967592592592593 0.07161458333333333 0.2337962962962963
0 0.037760416666666664 0.5590277777777778 0.07552083333333333 0.4930555555555556
0 0.22526041666666666 0.59375 0.3567708333333333 0.38657407407407407