1 0.7102864583333334 0.48726851851851855 0.4700520833333333 0.9513888888888888
1 0.515625 0.1574074074074074 0.12760416666666666 0.13425925925925927
1 0.3046875 0.35300925925925924 0.0859375 0.19675925925925927
1 0.302734375 0.24421296296296297 0.13932291666666666 0.17824074074074073
1 0.4264322916666667 0.48032407407407407 0.21744791666666666 0.5625
1 0.16471354166666666 0.22685185185185186 0.22786458333333334 0.44907407407407407
1 0.051432291666666664 0.16435185185185186 0.08723958333333333 0.18055555555555555
1 0.11588541666666667 0.2025462962962963 0.078125 0.11805555555555555
1 0.033203125 0.27314814814814814 0.06640625 0.16666666666666666
0 0.01953125 0.5231481481481481 0.0390625 0.46296296296296297
0 0.22526041666666666 0.5752314814814815 0.3880208333333333 0.41898148148148145