1 0.6451822916666666 0.46296296296296297 0.44140625 0.9259259259259259
1 0.9231770833333334 0.5023148148148148 0.15364583333333334 0.6435185185185185
1 0.2981770833333333 0.34953703703703703 0.09635416666666667 0.19907407407407407
1 0.3177083333333333 0.24074074074074073 0.16145833333333334 0.19444444444444445
1 0.4095052083333333 0.5266203703703703 0.22526041666666666 0.5486111111111112
1 0.17447916666666666 0.23958333333333334 0.21614583333333334 0.4236111111111111
1 0.041666666666666664 0.2951388888888889 0.08333333333333333 0.16435185185185186
1 0.047526041666666664 0.18171296296296297 0.08984375 0.1550925925925926
1 0.11979166666666667 0.20601851851851852 0.09635416666666667 0.12037037037037036
0 0.029947916666666668 0.5497685185185185 0.057291666666666664 0.44212962962962965
0 0.22330729166666666 0.5775462962962963 0.37109375 0.36342592592592593