1 0.6608072916666666 0.47337962962962965 0.5221354166666666 0.9375
1 0.931640625 0.4988425925925926 0.13671875 0.6273148148148148
1 0.294921875 0.3738425925925926 0.09244791666666667 0.16898148148148148
1 0.2916666666666667 0.21412037037037038 0.10416666666666667 0.13194444444444445
1 0.3782552083333333 0.2337962962962963 0.14192708333333334 0.08333333333333333
1 0.4095052083333333 0.5092592592592593 0.24348958333333334 0.5509259259259259
1 0.18229166666666666 0.2361111111111111 0.21614583333333334 0.4074074074074074
1 0.0703125 0.2048611111111111 0.08333333333333333 0.16435185185185186
1 0.12565104166666666 0.23032407407407407 0.07682291666666667 0.17824074074074073
1 0.022786458333333332 0.3020833333333333 0.045572916666666664 0.1736111111111111
0 0.031901041666666664 0.5520833333333334 0.06380208333333333 0.4236111111111111
0 0.24153645833333334 0.5798611111111112 0.3815104166666667 0.3680555555555556