0 0.22155729166666666 0.5827175925925926 0.36446875 0.3496990740740741
0 0.018359375 0.5600370370370371 0.03671875 0.38766203703703705
1 0.6867447916666667 0.4722777777777778 0.5630729166666666 0.9445555555555556
1 0.9074609375 0.5428935185185185 0.180390625 0.5663472222222222
1 0.38352864583333335 0.4966111111111111 0.230078125 0.4737777777777778
1 0.30828125 0.22514814814814815 0.09520572916666666 0.10214351851851852
1 0.3840625 0.24227314814814813 0.0605234375 0.09010185185185185
1 0.042546875 0.49522222222222223 0.08509375 0.4987777777777777
1 0.11272916666666667 0.21889814814814815 0.051104166666666666 0.08501851851851851
1 0.059604166666666666 0.21241203703703704 0.06139583333333333 0.1646388888888889
1 0.15127604166666667 0.2670138888888889 0.24484375 0.45902777777777776