1 0.595703125 0.47337962962962965 0.4466145833333333 0.9421296296296297
1 0.9283854166666666 0.5138888888888888 0.14322916666666666 0.6111111111111112
1 0.291015625 0.3449074074074074 0.08984375 0.12962962962962962
1 0.3170572916666667 0.24768518518518517 0.12109375 0.16203703703703703
1 0.3958333333333333 0.49421296296296297 0.2265625 0.5254629629629629
1 0.17838541666666666 0.23032407407407407 0.234375 0.3958333333333333
1 0.064453125 0.20717592592592593 0.08723958333333333 0.14583333333333334
1 0.119140625 0.23148148148148148 0.06640625 0.1111111111111111
1 0.029947916666666668 0.3263888888888889 0.059895833333333336 0.18981481481481483
0 0.035807291666666664 0.5810185185185185 0.07161458333333333 0.4166666666666667
0 0.21940104166666666 0.5914351851851852 0.3450520833333333 0.3912037037037037