1 0.9270833333333334 0.5046296296296297 0.13541666666666666 0.6574074074074074
1 0.6106770833333334 0.4583333333333333 0.5416666666666666 0.9166666666666666
1 0.181640625 0.23842592592592593 0.22265625 0.4074074074074074
1 0.3125 0.19328703703703703 0.11197916666666667 0.11342592592592593
1 0.2669270833333333 0.2847222222222222 0.078125 0.17592592592592593
1 0.3834635416666667 0.5081018518518519 0.24609375 0.5115740740740741
1 0.054036458333333336 0.19791666666666666 0.08723958333333333 0.14583333333333334
1 0.12239583333333333 0.2523148148148148 0.09375 0.19444444444444445
1 0.033854166666666664 0.29398148148148145 0.06770833333333333 0.1574074074074074
0 0.034505208333333336 0.5462962962962963 0.06901041666666667 0.47685185185185186
0 0.20963541666666666 0.6018518518518519 0.3880208333333333 0.4305555555555556