1 0.9264322916666666 0.5173611111111112 0.14713541666666666 0.6041666666666666
1 0.6165364583333334 0.4699074074074074 0.5611979166666666 0.9398148148148148
1 0.8997395833333334 0.33796296296296297 0.08072916666666667 0.18055555555555555
1 0.3248697916666667 0.2199074074074074 0.09505208333333333 0.14351851851851852
1 0.28125 0.3090277777777778 0.0703125 0.17824074074074073
1 0.18424479166666666 0.24189814814814814 0.23046875 0.40046296296296297
1 0.061848958333333336 0.21643518518518517 0.07942708333333333 0.12268518518518519
1 0.12760416666666666 0.23958333333333334 0.09375 0.13657407407407407
1 0.032552083333333336 0.2824074074074074 0.06510416666666667 0.24537037037037038
0 0.04296875 0.5717592592592593 0.0859375 0.4305555555555556
0 0.21809895833333334 0.5925925925925926 0.36328125 0.39351851851851855