0 0.22259895833333332 0.5868842592592592 0.36655208333333333 0.34877314814814814
0 0.018072916666666668 0.5653564814814815 0.036145833333333335 0.3844212962962963
1 0.5729557291666667 0.4685740740740741 0.5490260416666667 0.9371481481481482
1 0.893921875 0.5809212962962963 0.20747135416666668 0.45019444444444445
1 0.9779947916666667 0.3168009259259259 0.04401041666666667 0.10026851851851852
1 0.9139661458333334 0.3309212962962963 0.0580078125 0.08683796296296296
1 0.06221354166666667 0.24296759259259257 0.05838541666666666 0.11463888888888889
1 0.036820312499999994 0.4845787037037037 0.07363802083333333 0.46822685185185187
1 0.2740390625 0.3290648148148148 0.05537239583333333 0.1386851851851852
1 0.39942968749999996 0.5202824074074074 0.20165885416666668 0.45110185185185186
1 0.14932291666666667 0.2635416666666667 0.25135416666666666 0.4326481481481481