0 0.22194791666666666 0.5850324074074075 0.36785416666666665 0.34506944444444443
0 0.02041666666666667 0.6227638888888889 0.03770572916666667 0.2770138888888889
1 0.9336276041666667 0.6035462962962963 0.1327421875 0.41912962962962963
1 0.8227005208333333 0.519287037037037 0.15459895833333331 0.5654259259259259
1 0.97734375 0.3253611111111111 0.0453125 0.13127777777777777
1 0.9233385416666666 0.33137962962962964 0.04967447916666667 0.11553703703703704
1 0.05686979166666666 0.24204166666666665 0.05853125 0.13130092592592593
1 0.03629947916666666 0.49175 0.07259635416666667 0.4686898148148148
1 0.49222916666666666 0.4667222222222222 0.5750833333333334 0.9334444444444444
1 0.7115182291666666 0.562875 0.2780078125 0.5511018518518519
1 0.14919531249999998 0.26238425925925923 0.28025781250000004 0.46828703703703706