1 0.26490625 0.4583935185185185 0.5298125 0.9167824074074075
1 0.9584635416666667 0.593587962962963 0.08307291666666666 0.468662037037037
1 0.8249010416666667 0.5183611111111112 0.18052864583333333 0.5450601851851852
1 0.9890625 0.3061527777777778 0.021875 0.08823611111111111
1 0.9383125 0.3584537037037037 0.058791666666666666 0.1835787037037037
1 0.8790651041666667 0.2818472222222222 0.0909453125 0.1368472222222222
1 0.86409375 0.3575324074074074 0.1104765625 0.16321296296296298
1 0.45865625 0.4537824074074074 0.14856250000000001 0.6520046296296296
1 0.6805338541666667 0.45608796296296295 0.37643229166666664 0.7955046296296296
0 0.22155729166666666 0.5868842592592592 0.36446875 0.34877314814814814
0 0.0282265625 0.6132731481481482 0.053328125 0.318212962962963