1 0.23040625 0.4565416666666667 0.4550859375 0.9130833333333334
1 0.6586614583333333 0.46997222222222224 0.3889270833333333 0.8232731481481481
1 0.8779088541666666 0.5232222222222223 0.24418229166666666 0.5501481481481482
1 0.39343229166666666 0.19852777777777778 0.05196614583333334 0.09983796296296296
1 0.436140625 0.22814814814814816 0.05011458333333333 0.17759722222222224
1 0.4138828125 0.4493888888888889 0.1805703125 0.6015509259259259
1 0.6354661458333334 0.17029166666666665 0.08030989583333333 0.14520833333333333
1 0.7266041666666666 0.271662037037037 0.08550260416666666 0.20906018518518518
1 0.7818151041666667 0.30499074074074073 0.06449479166666666 0.18312962962962964
1 0.8422213541666667 0.3272129629629629 0.04590364583333333 0.1164675925925926
1 0.8867604166666666 0.5206759259259259 0.22647916666666665 0.5404305555555555
1 0.861625 0.2929583333333333 0.0637265625 0.14054629629629628
0 0.23747135416666668 0.6353009259259259 0.3484947916666667 0.26273148148148145