1 0.22363802083333334 0.4537638888888889 0.4415442708333333 0.9075277777777778
1 0.6566770833333333 0.4618703703703704 0.36491666666666667 0.8024490740740741
1 0.89196875 0.503550925925926 0.2160625 0.5524675925925926
1 0.416609375 0.45517129629629627 0.22848697916666666 0.6084953703703704
1 0.41622135416666667 0.20292592592592593 0.06651822916666666 0.13177777777777777
1 0.6533046875 0.20130555555555554 0.07171354166666667 0.10538888888888888
1 0.7267421875 0.254537037037037 0.07307812500000001 0.1655509259259259
1 0.7850703125 0.290412037037037 0.05017447916666666 0.14934259259259258
1 0.8366276041666667 0.30707870370370366 0.061640625 0.10860185185185185
1 0.9083671875 0.28185185185185185 0.061390625000000004 0.0812962962962963
1 0.8600598958333333 0.27814814814814814 0.05813802083333333 0.1294398148148148
0 0.2372109375 0.6359953703703703 0.3438072916666667 0.27523148148148147
0 0.02379947916666667 0.593412037037037 0.0476015625 0.3209074074074074