1 0.8313679245283019 0.4804791666666667 0.14150943396226415 0.18489583333333334
1 0.792311320754717 0.9244791666666666 0.14003537735849056 0.15104166666666666
1 0.1761556603773585 0.6028749999999999 0.1164504716981132 0.2265625
1 0.2719693396226415 0.3723958333333333 0.10465801886792453 0.2760416666666667
1 0.1363561320754717 0.3268333333333333 0.11939858490566038 0.2109375
1 0.08549528301886793 0.5403749999999999 0.09139150943396226 0.2942708333333333
1 0.1164504716981132 0.18229166666666666 0.0972877358490566 0.13020833333333334
1 0.20563679245283017 0.17579166666666665 0.09581367924528301 0.15885416666666666
1 0.26754716981132076 0.0638125 0.08402122641509434 0.12239583333333333
1 0.7436674528301886 0.15495833333333334 0.1252948113207547 0.2265625
1 0.8844339622641509 0.14583333333333334 0.07665094339622641 0.171875
1 0.8225235849056604 0.10027083333333334 0.06780660377358491 0.1640625
1 0.9473820754716981 0.3086041666666667 0.10524764150943396 0.1953125