1 0.8984375 0.5231481481481481 0.203125 0.5277777777777778
1 0.666015625 0.21875 0.07421875 0.11342592592592593
1 0.81640625 0.34837962962962965 0.12239583333333333 0.27546296296296297
1 0.8873697916666666 0.26851851851851855 0.10286458333333333 0.1388888888888889
1 0.7291666666666666 0.2789351851851852 0.07291666666666667 0.2337962962962963
1 0.6373697916666666 0.4444444444444444 0.30078125 0.8055555555555556
1 0.3997395833333333 0.17592592592592593 0.06510416666666667 0.18518518518518517
1 0.45703125 0.2349537037037037 0.0859375 0.19675925925925927
1 0.15559895833333334 0.4548611111111111 0.3111979166666667 0.8958333333333334
0 0.23958333333333334 0.65625 0.3828125 0.2708333333333333
0 0.04296875 0.6273148148148148 0.0859375 0.4537037037037037