1 0.2893396226415095 0.37114583333333334 0.10179245283018867 0.27479166666666666
0 0.8343396226415094 0.49241666666666667 0.1399056603773585 0.17564583333333333
1 0.7857665094339623 0.9272916666666667 0.12765330188679244 0.14541666666666667
1 0.143125 0.31779166666666664 0.10181603773584906 0.21810416666666665
1 0.13133254716981133 0.5609583333333333 0.1631367924528302 0.2752708333333333
0 0.8847051886792453 0.1438125 0.07777122641509435 0.14929166666666666
0 0.9517688679245283 0.31675 0.09646226415094339 0.15350000000000003
1 0.22378537735849058 0.21987500000000001 0.07444575471698113 0.16389583333333332
0 0.0555188679245283 0.19777083333333334 0.08462264150943397 0.1280625
0 0.1527948113207547 0.18860416666666666 0.07870283018867924 0.1430625
0 0.27212264150943394 0.057749999999999996 0.0720872641509434 0.1146875
1 0.7690330188679245 0.15964583333333332 0.11807783018867923 0.21431250000000002