1 0.2164765625 0.4537638888888889 0.432953125 0.9075277777777778
1 0.649125 0.466037037037037 0.36544010416666667 0.8015185185185185
1 0.8893645833333333 0.5003101851851852 0.22127083333333333 0.5367314814814814
1 0.7193098958333334 0.4910462962962963 0.19591145833333332 0.6478287037037037
1 0.914875 0.2809259259259259 0.0431640625 0.09796296296296296
1 0.8646145833333333 0.27398148148148144 0.06985416666666668 0.11185185185185186
1 0.8397473958333334 0.2994444444444444 0.06959895833333334 0.07943981481481481
1 0.7859765625 0.27166666666666667 0.05841145833333334 0.13499537037037035
1 0.7160598958333334 0.2302361111111111 0.05659895833333333 0.10306944444444444
1 0.4011223958333333 0.46697685185185184 0.213375 0.6182129629629629
1 0.422984375 0.1857962962962963 0.061596354166666666 0.12530092592592593
0 0.23773177083333333 0.628125 0.342765625 0.28170833333333334
0 0.024869791666666665 0.5954953703703704 0.04973958333333333 0.3053101851851852