1 0.8518867924528302 0.4888958333333333 0.15108490566037736 0.18497916666666667
1 0.7987735849056604 0.9294375 0.1615566037735849 0.14114583333333333
1 0.19819575471698112 0.6078125 0.1121933962264151 0.26427083333333334
1 0.30215801886792454 0.3726041666666667 0.1256485849056604 0.26427083333333334
1 0.7718514150943396 0.1638541666666667 0.10770047169811321 0.19027083333333333
1 0.8443985849056603 0.12025 0.07330188679245282 0.13477083333333334
1 0.9072287735849057 0.13477083333333334 0.08525943396226415 0.19027083333333333
1 0.9592216981132075 0.31183333333333335 0.0815566037735849 0.2378333333333333
1 0.10994103773584907 0.5443958333333333 0.09423349056603773 0.24841666666666665
1 0.15182783018867924 0.335625 0.09125 0.22197916666666667
1 0.24681603773584906 0.2021666666666667 0.0867570754716981 0.13477083333333334
1 0.1615566037735849 0.18366666666666667 0.09872641509433962 0.15062499999999998
1 0.07180424528301887 0.20083333333333334 0.09872641509433962 0.13741666666666666
1 0.28870283018867926 0.07664583333333333 0.09274764150943397 0.15327083333333333
1 0.04188679245283019 0.56025 0.08376179245283019 0.20083333333333334