1 0.25054245283018867 0.22404166666666667 0.07373820754716981 0.1555625
0 0.29889150943396225 0.065875 0.061933962264150946 0.1184375
1 0.7869457547169811 0.1719375 0.11996462264150944 0.20972916666666666
0 0.08216981132075472 0.20152083333333334 0.08602594339622642 0.12722916666666667
0 0.16859669811320754 0.3363541666666666 0.0961556603773585 0.21768749999999998
1 0.31033018867924533 0.3842708333333333 0.10132075471698114 0.271875
0 0.859929245283019 0.50325 0.14155660377358492 0.16397916666666665
1 0.8055660377358491 0.9325 0.13897405660377357 0.13499999999999998
0 0.13168632075471698 0.5430416666666668 0.09074292452830189 0.24775
0 0.027830188679245284 0.5684583333333334 0.05566037735849057 0.20691666666666667
0 0.9072169811320755 0.15047916666666666 0.08696933962264151 0.162625