1 0.21634635416666667 0.4537638888888889 0.42696354166666667 0.9075277777777778
1 0.64834375 0.47437037037037044 0.3690859375 0.7996666666666666
1 0.8810338541666667 0.5158148148148148 0.23793489583333333 0.5538564814814815
1 0.726078125 0.4928981481481482 0.20945052083333332 0.6515324074074074
1 0.9103203125 0.2839351851851852 0.04446614583333333 0.08083333333333333
1 0.8590208333333333 0.2760648148148148 0.0481015625 0.11138888888888888
1 0.8344088541666667 0.2945833333333333 0.05111197916666667 0.09286574074074075
1 0.7236119791666666 0.2642546296296296 0.06649479166666666 0.1757361111111111
1 0.7844140625 0.2753703703703704 0.04486979166666667 0.12388425925925925
1 0.4042473958333333 0.4732268518518518 0.19463020833333333 0.6168194444444444
1 0.43028125 0.19575 0.06964322916666667 0.14982870370370371
0 0.23708072916666667 0.6304398148148148 0.34146354166666665 0.286337962962963
0 0.028125 0.5892453703703704 0.05625 0.3224351851851852