1 0.3204716981132075 0.3723958333333333 0.09801886792452831 0.28562499999999996
1 0.17944575471698113 0.32427083333333334 0.09898584905660376 0.21852083333333333
0 0.8697169811320754 0.5109583333333333 0.13518867924528302 0.1585625
0 0.036308962264150944 0.563875 0.06937499999999999 0.20608333333333334
0 0.09408018867924528 0.19839583333333335 0.07918632075471699 0.13347916666666665
1 0.8035731132075471 0.17152083333333332 0.12680424528301887 0.21722916666666667
0 0.9246698113207548 0.16172916666666665 0.0709316037735849 0.14345833333333333
0 0.30362028301886795 0.0665 0.07012971698113207 0.12385416666666667
1 0.2620990566037736 0.22362500000000002 0.06383254716981132 0.14639583333333334
0 0.13722877358490568 0.5549166666666667 0.08530660377358491 0.2506875
0 0.21682783018867924 0.5976458333333333 0.11477594339622642 0.2319375