1 0.6692708333333334 0.2488425925925926 0.09635416666666667 0.23842592592592593
1 0.732421875 0.27546296296296297 0.09244791666666667 0.18981481481481483
1 0.833984375 0.3148148148148148 0.08723958333333333 0.1527777777777778
1 0.9036458333333334 0.2881944444444444 0.09895833333333333 0.16435185185185186
1 0.8893229166666666 0.53125 0.22135416666666666 0.5023148148148148
1 0.4544270833333333 0.2361111111111111 0.140625 0.2777777777777778
1 0.6354166666666666 0.4837962962962963 0.2786458333333333 0.8796296296296297
1 0.345703125 0.19560185185185186 0.08984375 0.2152777777777778
0 0.23958333333333334 0.65625 0.3697916666666667 0.30787037037037035
0 0.052083333333333336 0.6064814814814815 0.1015625 0.5231481481481481
1 0.15169270833333334 0.48032407407407407 0.3033854166666667 0.9560185185185185