1 0.21439322916666667 0.4549212962962963 0.42878645833333334 0.9089166666666667
1 0.6331119791666667 0.47622222222222227 0.351640625 0.8033703703703704
1 0.8846770833333333 0.5160462962962963 0.23064322916666666 0.5496898148148148
1 0.7131901041666667 0.4778518518518519 0.1810703125 0.6445925925925926
1 0.9168255208333334 0.2887962962962963 0.057088541666666666 0.08592592592592592
1 0.8659166666666667 0.2772222222222222 0.07766666666666668 0.10907407407407407
1 0.8306354166666666 0.2985185185185185 0.05658072916666667 0.05907407407407407
1 0.7772526041666666 0.29643055555555553 0.05919270833333334 0.15211574074074075
1 0.7256953125 0.2749027777777778 0.060244791666666665 0.16924999999999998
1 0.44134114583333334 0.21333796296296295 0.0852890625 0.14797222222222223
1 0.4124322916666667 0.4848055555555556 0.23059375000000001 0.538125
0 0.23838281249999999 0.6237268518518518 0.34406770833333333 0.27661574074074075
0 0.026822916666666665 0.6063703703703703 0.05364583333333333 0.29744444444444446