1 0.5956171875 0.44937962962962963 0.2766536458333333 0.731162037037037
1 0.9013411458333334 0.5160509259259259 0.19731510416666667 0.5126574074074074
1 0.744046875 0.4940555555555556 0.1776796875 0.6121851851851852
1 0.9165703125 0.285787037037037 0.06321614583333333 0.10675462962962963
1 0.8568072916666666 0.2982824074074074 0.04992447916666667 0.15581944444444445
1 0.764109375 0.29619907407407403 0.07907291666666666 0.1562824074074074
1 0.8359765625000001 0.3239768518518518 0.07075260416666666 0.10072685185185185
1 0.391359375 0.4725324074074074 0.2021796875 0.6108055555555555
1 0.40996614583333335 0.2068611111111111 0.04597395833333333 0.07946759259259259
1 0.20775520833333333 0.4278472222222222 0.41498697916666666 0.8556898148148148
0 0.23109114583333332 0.628125 0.348234375 0.28170833333333334
0 0.023567708333333333 0.593875 0.0471328125 0.31317592592592597