1 0.19642708333333334 0.4225231481481481 0.3897317708333333 0.8441203703703704
1 0.6184010416666667 0.46881944444444446 0.30399218749999996 0.7700416666666666
1 0.9075911458333333 0.545675925925926 0.18481770833333336 0.49783796296296295
1 0.7600625 0.514888888888889 0.1914765625 0.6075509259259259
1 0.9181328125 0.29735648148148147 0.080921875 0.1354537037037037
1 0.8573255208333334 0.2955046296296296 0.06569010416666667 0.15026851851851852
1 0.8411796875 0.32490277777777776 0.06465104166666666 0.1025787037037037
1 0.7726953125 0.2855509259259259 0.0995546875 0.14425
1 0.40672135416666666 0.46188425925925924 0.21207552083333334 0.5987731481481481
1 0.4076223958333333 0.20825462962962962 0.058994791666666664 0.07668518518518518
0 0.23590885416666665 0.6186388888888888 0.341203125 0.29605555555555557