1 0.10097877358490566 0.8541666666666666 0.18425707547169812 0.2916666666666667
1 0.1636202830188679 0.5768333333333333 0.13561320754716982 0.22135416666666666
1 0.053808962264150946 0.3112083333333333 0.10465801886792453 0.2109375
1 0.23659198113207547 0.20964583333333334 0.06928066037735849 0.14322916666666666
1 0.3596698113207547 0.6289166666666667 0.11202830188679246 0.24739583333333334
1 0.45475235849056606 0.4049583333333333 0.1164504716981132 0.2786458333333333
1 0.3206132075471698 0.359375 0.09286556603773585 0.21875
1 0.3309316037735849 0.20833333333333334 0.07222877358490566 0.125
1 0.4061084905660377 0.227875 0.078125 0.1328125
1 0.44295990566037735 0.09635416666666667 0.08107311320754718 0.15625
1 0.9360259433962265 0.24739583333333334 0.12087264150943396 0.24479166666666666
1 0.7827240566037735 0.058604166666666666 0.09139150943396226 0.1171875
1 0.8755896226415094 0.07162500000000001 0.11202830188679246 0.14322916666666666
1 0.9672759433962265 0.5703125 0.06544811320754718 0.1875
1 0.15994103773584906 0.171875 0.08991745283018868 0.125
1 0.04938679245283019 0.09375 0.09876179245283019 0.17708333333333334