1 0.19720833333333332 0.4278472222222222 0.39441927083333334 0.8556898148148148
1 0.6103307291666666 0.467662037037037 0.2722239583333333 0.7538425925925926
1 0.9154010416666666 0.5593333333333333 0.1691953125 0.4927407407407407
1 0.7441770833333333 0.5074814814814815 0.17533593749999998 0.5927407407407407
1 0.9247708333333333 0.33462037037037035 0.0650390625 0.11275925925925925
1 0.9010703125 0.2718981481481481 0.059432291666666665 0.09380092592592593
1 0.8548515625 0.2684305555555555 0.04772395833333333 0.08222685185185186
1 0.8422213541666667 0.33346296296296296 0.07715104166666667 0.1335925925925926
1 0.7805052083333333 0.32396759259259256 0.11517708333333333 0.21182407407407408
1 0.40711197916666664 0.4697546296296296 0.2336875 0.60525
1 0.4094453125 0.21241666666666667 0.05534895833333333 0.09057407407407407
0 0.23708072916666667 0.6267361111111112 0.35188020833333333 0.27522685185185186