1 0.1966875 0.4222916666666667 0.3933776041666667 0.8445833333333334
1 0.6141067708333333 0.47229166666666667 0.2667552083333333 0.7445833333333333
1 0.8928802083333333 0.5577175925925927 0.20955208333333333 0.44783796296296297
1 0.7540729166666666 0.5053981481481482 0.2055390625 0.5932037037037037
1 0.9212578125 0.33809259259259256 0.07467447916666667 0.12433333333333334
1 0.9058880208333334 0.2684305555555555 0.056046875 0.08222685185185186
1 0.8538098958333333 0.2526898148148148 0.05605729166666666 0.06926851851851852
1 0.8384453125 0.3304537037037037 0.06178645833333333 0.11368981481481481
1 0.7690494791666667 0.2746759259259259 0.08184895833333333 0.11787037037037036
1 0.39591666666666664 0.471375 0.24254166666666668 0.6131203703703704
1 0.40527864583333334 0.21588888888888888 0.047015625 0.08362962962962962
0 0.23642968749999999 0.6392361111111111 0.350578125 0.25949537037037035