1 0.19096093749999998 0.4259953703703704 0.3819192708333333 0.8519861111111111
1 0.6258255208333333 0.47344907407407405 0.2641484375 0.7422685185185185
1 0.0993125 0.050865740740740746 0.09654166666666668 0.0915462962962963
1 0.4295078125 0.4635046296296296 0.222234375 0.6066388888888888
1 0.7407916666666666 0.4975277777777778 0.18419010416666665 0.6237592592592592
1 0.7689192708333333 0.2753703703703704 0.08419270833333334 0.12388425925925925
1 0.8418359375000001 0.3207361111111111 0.061640625 0.10350462962962963
1 0.9249010416666666 0.33925 0.0673828125 0.1405324074074074
0 0.8997786458333333 0.573462962962963 0.2004401041666667 0.3496990740740741
1 0.9035442708333333 0.25431018518518517 0.056567708333333334 0.058625
1 0.8502942708333333 0.26079166666666664 0.056838541666666666 0.07158333333333333
0 0.23499739583333332 0.6346064814814815 0.34563020833333336 0.26875
1 0.2974765625 0.24296759259259257 0.05015885416666667 0.11463888888888889
1 0.40645572916666667 0.21241666666666667 0.04698697916666667 0.07206018518518519
1 0.34604427083333333 0.23208796296296297 0.06364062499999999 0.14380092592592594