1 0.13732291666666668 0.43479166666666663 0.27464583333333337 0.8269861111111111
1 0.6266067708333334 0.4727546296296296 0.26050520833333335 0.7547638888888889
1 0.09866927083333334 0.046467592592592595 0.089640625 0.09293518518518519
1 0.4252109375 0.45818055555555554 0.2490546875 0.6098796296296296
1 0.7314192708333334 0.4975277777777778 0.16544270833333333 0.6237592592592592
1 0.9251640625 0.36424074074074075 0.0720703125 0.20903703703703702
1 0.8454817708333333 0.320037037037037 0.064765625 0.13452314814814814
1 0.7618958333333333 0.27930555555555553 0.08297916666666666 0.1308287037037037
1 0.29526302083333333 0.2290787037037037 0.037921875 0.10538425925925926
1 0.3530755208333333 0.2492083333333333 0.0547890625 0.20582870370370368
0 0.22835677083333333 0.6126203703703703 0.3510989583333333 0.3173472222222222