1 0.09670833333333334 0.047856481481481486 0.0913359375 0.09015740740740741
1 0.18666406249999998 0.4401157407407407 0.36759895833333334 0.8237453703703703
1 0.44422135416666664 0.4454537037037037 0.23708072916666667 0.6168287037037037
1 0.6345703125 0.47344907407407405 0.257421875 0.7607824074074074
1 0.7031822916666666 0.5792407407407408 0.19051302083333335 0.4677407407407408
0 0.8814244791666667 0.5933657407407408 0.23246614583333333 0.3246990740740741
1 0.7660546875 0.3186435185185185 0.09408854166666666 0.23358333333333334
1 0.8372734375 0.3218888888888889 0.07246354166666666 0.11970833333333333
1 0.9058932291666667 0.35035648148148146 0.07935677083333334 0.18126388888888886
1 0.8491223958333334 0.2587083333333333 0.04668229166666667 0.053532407407407404
1 0.9047213541666667 0.26611574074074074 0.058265625 0.0683425925925926
1 0.4067109375 0.21264814814814814 0.042070312500000005 0.0864074074074074
1 0.2983880208333333 0.24643981481481478 0.0545859375 0.08917592592592592
1 0.34447656249999997 0.2179675925925926 0.05822395833333334 0.12019907407407407
0 0.23669010416666666 0.6348379629629629 0.34484895833333334 0.27291666666666664