1 0.17911197916666666 0.4398842592592592 0.35770572916666665 0.827912037037037
1 0.09788020833333334 0.05040277777777778 0.10148958333333334 0.09987499999999999
1 0.43875260416666667 0.4510046296296296 0.25322395833333333 0.6094212962962963
1 0.6356119791666667 0.4783055555555556 0.25534114583333334 0.765875
1 0.7506979166666666 0.5852592592592593 0.0876640625 0.452
0 0.8721796875 0.604013888888889 0.2535572916666667 0.318212962962963
1 0.9160494791666667 0.3670185185185185 0.07050520833333333 0.21458796296296295
1 0.7638411458333334 0.2890231481481481 0.092265625 0.17433796296296297
1 0.8374088541666667 0.32606018518518515 0.07153385416666666 0.12248148148148148
1 0.9034192708333334 0.26449537037037035 0.05566145833333334 0.07898611111111112
1 0.8502942708333333 0.25593055555555555 0.046421874999999994 0.06649074074074074
1 0.29955729166666667 0.25685648148148144 0.054325520833333335 0.10537500000000001
1 0.3476067708333333 0.23787037037037034 0.060515624999999997 0.16925925925925928
1 0.4120494791666667 0.21519444444444444 0.050140625 0.09612962962962962
0 0.2352578125 0.6292824074074074 0.35031770833333337 0.28402314814814816