1 0.5402476415094339 0.4166666666666667 0.08696933962264151 0.234375
1 0.5137146226415095 0.2851666666666667 0.08402122641509434 0.16927083333333334
1 0.42452830188679247 0.4075625 0.08549528301886793 0.2109375
1 0.3736792452830189 0.5885416666666666 0.078125 0.22916666666666666
1 0.44516509433962265 0.6445416666666667 0.10908018867924528 0.23177083333333334
1 0.2653301886792453 0.5872499999999999 0.12382075471698113 0.1953125
1 0.20194575471698112 0.8580833333333333 0.20931603773584906 0.2838541666666667
1 0.09950471698113207 0.6302083333333334 0.1665683962264151 0.19791666666666666
1 0.06560141509433963 0.4635416666666667 0.09876179245283019 0.17708333333333334
1 0.16878537735849056 0.3307291666666667 0.11055424528301887 0.21354166666666666
1 0.05601415094339623 0.3567708333333333 0.11202830188679246 0.16666666666666666
1 0.3405070754716981 0.2552083333333333 0.07665094339622641 0.140625
1 0.41568396226415094 0.265625 0.08844339622641509 0.203125
1 0.5417216981132076 0.1419375 0.07517688679245282 0.1484375
1 0.8881249999999999 0.09635416666666667 0.07517688679245282 0.140625
1 0.053808962264150946 0.23177083333333334 0.10760613207547169 0.14583333333333334
1 0.2815448113207547 0.19791666666666666 0.09433962264150944 0.09895833333333333
1 0.21153301886792453 0.109375 0.078125 0.140625
1 0.9753891509433962 0.09635416666666667 0.049233490566037735 0.16145833333333334