1 0.19044010416666665 0.441037037037037 0.3808802083333333 0.8441157407407407
1 0.0853828125 0.05502777777777778 0.09107552083333334 0.10913425925925925
1 0.6404270833333333 0.4806203703703704 0.24830989583333332 0.7612453703703703
1 0.7526510416666666 0.5799351851851853 0.08115625 0.43672222222222223
1 0.45046875 0.44452777777777774 0.22458333333333333 0.6149768518518518
1 0.295 0.278375 0.06344010416666666 0.18082407407407405
1 0.35190364583333333 0.24365740740740738 0.06494531249999999 0.17620370370370372
1 0.40645572916666667 0.22514351851851852 0.04698697916666667 0.12066203703703704
1 0.7621484375 0.47994444444444445 0.091484375 0.5330324074074073
0 0.8762161458333334 0.6051712962962963 0.24288020833333332 0.3344166666666667
1 0.9126640625 0.3512777777777778 0.055403645833333334 0.20163425925925924
1 0.8400078125 0.32813888888888887 0.06491145833333332 0.15534722222222222
1 0.9012057291666667 0.2580138888888889 0.04706770833333333 0.0845462962962963
0 0.23747135416666668 0.628125 0.3484947916666667 0.28170833333333334