1 0.18314843749999998 0.4401157407407407 0.36629687499999997 0.8052314814814815
1 0.09123958333333333 0.05781018518518519 0.10644010416666667 0.0961712962962963
1 0.6415989583333332 0.47599537037037043 0.2485703125 0.7519861111111111
1 0.43198177083333333 0.44961574074074073 0.2667630208333333 0.6048009259259258
0 0.24007552083333333 0.6341435185185185 0.3432890625 0.2789351851851852
1 0.29604166666666665 0.24389351851851848 0.0655234375 0.11649074074074074
1 0.35280989583333333 0.21357407407407408 0.05405729166666667 0.12529166666666666
1 0.41036197916666667 0.2390324074074074 0.0443828125 0.12991203703703705
1 0.7786822916666666 0.3096157407407407 0.11673958333333333 0.21090277777777777
0 0.8753046875 0.6128101851851853 0.249390625 0.32654629629629633
1 0.9234635416666667 0.35359259259259257 0.07297135416666665 0.1970046296296296
1 0.8470390625 0.31563888888888886 0.06334895833333333 0.13961574074074073
1 0.7548645833333333 0.588962962962963 0.07933333333333333 0.4223703703703704