1 0.16986979166666666 0.44104166666666667 0.33661458333333333 0.8070833333333333
1 0.08954947916666667 0.05040277777777778 0.0952421875 0.09987499999999999
1 0.6551406249999999 0.48663888888888895 0.25273958333333335 0.7640185185185185
1 0.43925260416666667 0.46049537037037036 0.24777604166666667 0.60525
0 0.8694453125 0.6095694444444445 0.24600520833333334 0.3293240740740741
0 0.2329140625 0.6341435185185185 0.349796875 0.29744907407407406
1 0.9135755208333334 0.388537037037037 0.12179947916666665 0.2789259259259259
1 0.7633203125 0.3216481481481481 0.09122395833333334 0.2534861111111111
1 0.8469088541666667 0.33646759259259257 0.06569270833333334 0.1905277777777778
1 0.2951328125 0.2598611111111111 0.06109635416666667 0.1252777777777778
1 0.35320572916666665 0.24111111111111108 0.06754947916666666 0.16648148148148148
1 0.40411197916666663 0.23648611111111112 0.04646354166666666 0.12019444444444445
1 0.45150260416666665 0.21149074074074073 0.045432291666666666 0.10724074074074073