1 0.17585937499999998 0.44937499999999997 0.3517161458333333 0.8052268518518518
1 0.09527604166666667 0.046467592592592595 0.09628385416666667 0.09293518518518519
1 0.4343255208333333 0.458875 0.2568697916666667 0.5973842592592592
1 0.6508437499999999 0.4769212962962963 0.2483125 0.7538379629629629
0 0.8569479166666666 0.5956805555555555 0.271 0.32006944444444446
0 0.23708072916666667 0.6304398148148148 0.35188020833333333 0.26782407407407405
1 0.29539062499999996 0.26263888888888887 0.06682552083333333 0.13083333333333336
1 0.3528125 0.22954166666666667 0.050101562499999995 0.13408333333333333
1 0.4071067708333333 0.23347685185185185 0.058703124999999995 0.10029166666666667
1 0.7639713541666667 0.3128564814814815 0.089921875 0.2266388888888889
1 0.8436536458333334 0.3186481481481481 0.06178645833333333 0.15951851851851853
1 0.9178671875000001 0.3556759259259259 0.0695859375 0.23357407407407407