1 0.18210677083333332 0.43849537037037034 0.36421614583333334 0.7973611111111111
1 0.09605989583333334 0.055495370370370375 0.08222135416666668 0.10080092592592592
1 0.4318515625 0.4660509259259259 0.26441927083333333 0.5978425925925925
1 0.6567031249999999 0.4873333333333334 0.26003125 0.7700370370370371
1 0.7620182291666667 0.3251203703703704 0.0834140625 0.24654166666666666
1 0.8397526041666666 0.3188796296296296 0.055390625 0.17386574074074074
1 0.8987317708333333 0.25292592592592594 0.05461979166666667 0.04658796296296296
1 0.9086276041666667 0.37072222222222223 0.066078125 0.22199537037037037
0 0.8664505208333334 0.6084120370370371 0.25459635416666665 0.3316388888888889
0 0.23304427083333332 0.6290509259259259 0.352140625 0.2798564814814815
1 0.295 0.2577824074074074 0.06344010416666666 0.10722685185185186
1 0.3496901041666666 0.2214398148148148 0.056351562499999994 0.1317685185185185
1 0.41165885416666664 0.23255092592592594 0.057171875 0.09843981481481481