1 0.171171875 0.4398842592592592 0.34234375 0.7908796296296297
1 0.6576145833333332 0.47576388888888893 0.2451875 0.7376388888888888
1 0.43248177083333333 0.45818055555555554 0.25090104166666666 0.5950694444444444
1 0.2965625 0.256162037037037 0.06656510416666667 0.09935648148148149
1 0.3517734375 0.2177361111111111 0.05218489583333333 0.12436574074074074
1 0.41712760416666667 0.22977777777777778 0.0628984375 0.09288425925925926
1 0.10699479166666667 0.06706481481481483 0.09367708333333334 0.13319907407407405
1 0.7697005208333334 0.33137037037037037 0.080546875 0.28218518518518515
1 0.8376692708333333 0.33646759259259257 0.059557291666666665 0.20904166666666665
1 0.9013359375000001 0.2448240740740741 0.059828125 0.04427777777777778
1 0.9129244791666667 0.36562962962962964 0.080921875 0.20255555555555554
0 0.8598125 0.6054027777777778 0.2704791666666667 0.33025
0 0.23942447916666668 0.6269675925925926 0.3524010416666667 0.2793935185185185