1 0.16856770833333332 0.4403472222222222 0.33713541666666663 0.8010648148148148
1 0.10699479166666667 0.06567592592592593 0.08326041666666667 0.12116666666666667
1 0.6606093749999999 0.4831666666666667 0.2574270833333333 0.752449074074074
1 0.43534635416666667 0.45841666666666664 0.25558854166666667 0.587199074074074
1 0.2951328125 0.2536157407407407 0.06109635416666667 0.10815277777777778
1 0.35385677083333333 0.23116203703703703 0.05843489583333333 0.1419537037037037
1 0.41817447916666667 0.21519444444444444 0.07042447916666666 0.0776111111111111
1 0.7669661458333333 0.32928703703703704 0.07768229166666667 0.24561574074074072
1 0.8407942708333334 0.32443055555555556 0.06372395833333333 0.18497685185185186
1 0.8958671875 0.2536203703703704 0.044723958333333334 0.03408796296296296
1 0.9144869791666667 0.37905092592592593 0.06321354166666666 0.23125
0 0.8630677083333332 0.6056342592592593 0.2665755208333333 0.30756944444444445
0 0.24333072916666668 0.6253472222222223 0.3393828125 0.26875