1 0.2793396226415094 0.8723958333333334 0.18425707547169812 0.2552083333333333
1 0.34125 0.6145833333333334 0.13708726415094338 0.16666666666666666
1 0.1953183962264151 0.6276041666666666 0.14298349056603774 0.15104166666666666
1 0.15699292452830188 0.4856875 0.09286556603773585 0.1640625
1 0.14150943396226415 0.3776041666666667 0.11202830188679246 0.11979166666666667
1 0.2601768867924528 0.3450625 0.09876179245283019 0.18489583333333334
1 0.41715801886792453 0.2877708333333333 0.07665094339622641 0.13802083333333334
1 0.49160377358490565 0.4453125 0.09581367924528301 0.203125
1 0.45917452830188676 0.6054791666666667 0.078125 0.2421875
1 0.5218160377358491 0.6848958333333334 0.10318396226415094 0.24479166666666666
1 0.4960259433962264 0.2942708333333333 0.08991745283018868 0.16666666666666666
1 0.5712028301886792 0.3268333333333333 0.06928066037735849 0.16927083333333334
1 0.625 0.4609375 0.11497641509433962 0.25
1 0.6132075471698113 0.17839583333333334 0.07665094339622641 0.15364583333333334
1 0.3559905660377358 0.22527083333333334 0.07517688679245282 0.1328125
1 0.05748820754716981 0.27475 0.09139150943396226 0.16927083333333334
1 0.13561320754716982 0.23047916666666665 0.0972877358490566 0.1015625
1 0.24396226415094338 0.14583333333333334 0.06928066037735849 0.16145833333333334
1 0.4540094339622642 0.06770833333333333 0.07075471698113207 0.13541666666666666
1 0.6390094339622642 0.059895833333333336 0.06043632075471698 0.11979166666666667
1 0.8991745283018868 0.07943750000000001 0.06780660377358491 0.15885416666666666
1 0.9665448113207548 0.14975 0.06692216981132075 0.1484375
1 0.3574646226415094 0.125 0.06928066037735849 0.109375