1 0.6441627358490566 0.4570416666666667 0.08549528301886793 0.22135416666666666
1 0.6006839622641509 0.34375 0.07222877358490566 0.18229166666666666
1 0.628691037735849 0.18229166666666666 0.08402122641509434 0.17708333333333334
1 0.5056014150943396 0.4453125 0.08549528301886793 0.171875
1 0.5100235849056604 0.3072916666666667 0.07370283018867925 0.15104166666666666
1 0.4680188679245283 0.6223958333333334 0.08402122641509434 0.24479166666666666
1 0.532877358490566 0.6953125 0.10760613207547169 0.23958333333333334
1 0.3515683962264151 0.6171875 0.13119103773584906 0.18229166666666666
1 0.2844929245283019 0.8763124999999999 0.19162735849056603 0.24739583333333334
1 0.20121462264150944 0.6341249999999999 0.16951650943396226 0.15885416666666666
1 0.1665683962264151 0.4869791666666667 0.09139150943396226 0.171875
1 0.16067216981132076 0.3828125 0.12382075471698113 0.13020833333333334
1 0.2623820754716981 0.3424583333333333 0.11497641509433962 0.21614583333333334
1 0.4392688679245283 0.290375 0.07959905660377359 0.14322916666666666
1 0.4680188679245283 0.08072916666666667 0.09581367924528301 0.16145833333333334
1 0.3581957547169811 0.22395833333333334 0.08549528301886793 0.11458333333333333
1 0.08034198113207547 0.28125 0.08696933962264151 0.171875
1 0.15035377358490565 0.234375 0.0972877358490566 0.109375
1 0.25428066037735847 0.15885416666666666 0.08402122641509434 0.16145833333333334
1 0.6500589622641509 0.058604166666666666 0.07075471698113207 0.1171875
1 0.9709669811320755 0.1419375 0.05807783018867924 0.13802083333333334
1 0.9087617924528302 0.08072916666666667 0.08107311320754718 0.16145833333333334