1 0.16700520833333332 0.4528425925925926 0.33401041666666664 0.8353148148148148
1 0.11246354166666667 0.06382407407407407 0.08898958333333334 0.11746296296296296
1 0.43458593749999996 0.4591064814814815 0.2615572916666667 0.5932175925925925
1 0.6573541666666666 0.48478703703703707 0.2613333333333333 0.7603148148148148
1 0.764109375 0.30337037037037035 0.07907291666666666 0.19377777777777777
1 0.8402734375 0.32419907407407406 0.064765625 0.18914351851851852
1 0.8949557291666667 0.24783333333333335 0.038734375 0.045662037037037036
1 0.9108411458333333 0.3596111111111111 0.074671875 0.19977777777777778
0 0.8630677083333332 0.6070231481481482 0.2665755208333333 0.31960185185185186
0 0.2356484375 0.6262361111111111 0.34693229166666667 0.2700694444444445
1 0.29682291666666666 0.25593055555555555 0.06187760416666667 0.10352314814814816
1 0.34773177083333334 0.22630092592592593 0.06213020833333334 0.1368611111111111
1 0.42038020833333334 0.23000925925925925 0.06680468749999999 0.08871759259259258