1 0.2933372641509434 0.8802083333333334 0.22110849056603774 0.23958333333333334
1 0.36483490566037735 0.6158958333333333 0.12824292452830188 0.18489583333333334
1 0.550566037735849 0.7018333333333333 0.09876179245283019 0.24739583333333334
1 0.4680188679245283 0.625 0.09286556603773585 0.23958333333333334
1 0.5262382075471698 0.4765625 0.09139150943396226 0.19270833333333334
1 0.6581721698113208 0.4765625 0.09286556603773585 0.234375
1 0.6073113207547169 0.3424583333333333 0.07370283018867925 0.1796875
1 0.5240330188679245 0.321625 0.08991745283018868 0.17447916666666666
1 0.4540094339622642 0.2994791666666667 0.08254716981132075 0.13020833333333334
1 0.2933372641509434 0.3541666666666667 0.09139150943396226 0.19791666666666666
1 0.3898938679245283 0.23829166666666665 0.08402122641509434 0.09635416666666667
1 0.18278301886792453 0.4830833333333333 0.09139150943396226 0.1484375
1 0.21005896226415094 0.6341249999999999 0.1577240566037736 0.15364583333333334
1 0.6441627358490566 0.18489583333333334 0.07959905660377359 0.15625
1 0.09508254716981132 0.2929791666666667 0.09286556603773585 0.17447916666666666
1 0.2778655660377358 0.16277083333333334 0.06633254716981132 0.15364583333333334
1 0.4849646226415094 0.078125 0.08254716981132075 0.15625
1 0.09213443396226415 0.1796875 0.11055424528301887 0.11458333333333333
1 0.11939858490566038 0.07683333333333334 0.07370283018867925 0.09635416666666667
1 0.6589033018867925 0.0703125 0.07075471698113207 0.13020833333333334
1 0.9338207547169811 0.08725000000000001 0.06928066037735849 0.16927083333333334
0 0.1547759433962264 0.234375 0.10318396226415094 0.109375