1 0.16804687499999998 0.4465972222222222 0.33609374999999997 0.8181898148148148
1 0.120015625 0.06382407407407407 0.08013541666666667 0.11005555555555556
1 0.42898697916666667 0.4586435185185185 0.2649401041666667 0.6015509259259259
1 0.65396875 0.4822453703703704 0.25247916666666664 0.7320787037037036
1 0.9138359375 0.37372685185185184 0.07649479166666667 0.22338425925925925
1 0.7668359375 0.32743518518518516 0.08002604166666667 0.24191203703703704
1 0.8409192708333334 0.3237407407407407 0.058921875 0.17895833333333333
1 0.8976875 0.24922222222222223 0.053703125 0.039185185185185184
1 0.29591406249999996 0.2510694444444444 0.05745052083333334 0.09843518518518518
1 0.35073177083333335 0.21611574074074075 0.07509895833333333 0.13501388888888888
1 0.4335364583333333 0.21334259259259258 0.06573958333333334 0.09242592592592593
0 0.8732213541666667 0.6209537037037037 0.24105729166666665 0.3192037037037037
0 0.24124739583333332 0.628125 0.34354947916666667 0.28170833333333334