1 0.17690104166666665 0.4442824074074074 0.35379947916666665 0.8043055555555555
1 0.11767187500000001 0.06799074074074074 0.07857291666666667 0.11653703703703704
1 0.6634739583333332 0.4820138888888889 0.25690625 0.7362453703703703
1 0.296953125 0.25199537037037034 0.06995052083333334 0.10028703703703704
1 0.3482578125 0.21912500000000001 0.08265104166666666 0.15491666666666667
1 0.42650520833333333 0.21403703703703703 0.07459114583333333 0.09844444444444443
1 0.4256041666666667 0.45587037037037037 0.26650260416666666 0.5959953703703703
1 0.7655338541666666 0.33414814814814814 0.08263020833333333 0.2692222222222222
1 0.8374088541666667 0.32975462962962965 0.061119791666666666 0.1928425925925926
1 0.8926119791666667 0.2580138888888889 0.03821354166666667 0.04751388888888889
1 0.9129244791666667 0.3633148148148148 0.07050520833333333 0.18866666666666665
0 0.8656692708333333 0.6206805555555556 0.2509505208333333 0.31450925925925927
0 0.23929427083333332 0.6288194444444445 0.33964322916666667 0.27569444444444446