1 0.35229952830188677 0.3645833333333333 0.08549528301886793 0.1875
1 0.4363207547169811 0.2643333333333333 0.06780660377358491 0.09635416666666667
1 0.4997051886792453 0.3333333333333333 0.07370283018867925 0.125
1 0.42600235849056606 0.6432291666666666 0.12382075471698113 0.15625
1 0.1540448113207547 0.3203125 0.08107311320754718 0.15625
0 0.22627358490566038 0.2630208333333333 0.09581367924528301 0.09375
1 0.33461084905660377 0.19791666666666666 0.07370283018867925 0.171875
1 0.5439268867924528 0.09635416666666667 0.06485849056603774 0.16666666666666666
1 0.5653066037735849 0.4869791666666667 0.08107311320754718 0.19270833333333334
1 0.5778301886792453 0.3463541666666667 0.08549528301886793 0.16666666666666666
1 0.7163915094339622 0.4973958333333333 0.08549528301886793 0.2864583333333333
1 0.5247641509433962 0.65625 0.07665094339622641 0.24479166666666666
1 0.6036320754716981 0.7356874999999999 0.11055424528301887 0.2421875
1 0.6647995283018868 0.3476666666666667 0.06485849056603774 0.1796875
1 0.6964976415094339 0.21485416666666665 0.08402122641509434 0.13802083333333334
1 0.2837617924528302 0.6549583333333333 0.1459316037735849 0.1796875
1 0.3581957547169811 0.890625 0.19162735849056603 0.21875
1 0.23806603773584906 0.5052083333333334 0.08696933962264151 0.15625
1 0.24101415094339623 0.4010416666666667 0.11350235849056604 0.11979166666666667
1 0.07665094339622641 0.3971458333333333 0.08254716981132075 0.15885416666666666
1 0.15699292452830188 0.203125 0.08696933962264151 0.109375
1 0.7171344339622642 0.09375 0.07222877358490566 0.13020833333333334
1 0.18425707547169812 0.109375 0.07370283018867925 0.125
1 0.038325471698113206 0.20052083333333334 0.05306603773584906 0.09375
1 0.09360849056603773 0.08985416666666667 0.08696933962264151 0.07552083333333333