1 0.17169270833333333 0.44960648148148147 0.34338541666666667 0.8010601851851852
1 0.6509739583333333 0.4947407407407408 0.25065624999999997 0.7293009259259259
1 0.120015625 0.0804861111111111 0.07805208333333334 0.13227314814814814
1 0.43080989583333335 0.4665138888888889 0.26650260416666666 0.6080277777777777
1 0.2943489583333333 0.2610185185185185 0.0647421875 0.10444907407407408
1 0.335109375 0.2168101851851852 0.08551302083333333 0.14102777777777778
1 0.4248151041666667 0.21658333333333332 0.07537239583333334 0.10816203703703703
1 0.7680078125 0.25593055555555555 0.058934895833333334 0.10352314814814816
1 0.8000442708333334 0.5373472222222223 0.13220052083333333 0.4996898148148148
1 0.9200859375 0.3408657407407407 0.06399739583333333 0.14840277777777777
1 0.8388359375000001 0.2638009259259259 0.07975260416666667 0.06556481481481481
0 0.8814218749999999 0.6299398148148149 0.20121874999999997 0.27747222222222223
0 0.2387734375 0.6225740740740741 0.34068489583333333 0.29281944444444447