1 0.17390624999999998 0.44567129629629626 0.34729166666666667 0.8163379629629629
1 0.11741145833333334 0.0686851851851852 0.07492708333333334 0.12255555555555557
1 0.6479791666666667 0.5030740740740741 0.24883333333333332 0.7274444444444444
1 0.28875260416666665 0.25593055555555555 0.06135677083333334 0.08500925925925926
1 0.3325052083333333 0.2348611111111111 0.0803046875 0.167875
1 0.4195989583333333 0.22144444444444444 0.07045052083333332 0.09474074074074074
1 0.421046875 0.45494444444444443 0.27821874999999996 0.5941435185185184
1 0.7751692708333333 0.25685648148148144 0.055028645833333334 0.10537500000000001
1 0.8381901041666667 0.262412037037037 0.0689296875 0.0424212962962963
1 0.8065598958333333 0.5285462962962963 0.1181484375 0.49137037037037035
1 0.893390625 0.2550046296296296 0.03105208333333333 0.046125
1 0.9187838541666667 0.3723425925925926 0.09055468750000001 0.21134722222222221
1 0.9742473958333334 0.35220833333333335 0.0515078125 0.1294212962962963
0 0.879859375 0.6227638888888889 0.21475781249999998 0.2770138888888889
0 0.2395546875 0.6278935185185185 0.344328125 0.2775416666666667