1 0.3876768867924528 0.8919374999999999 0.17393867924528303 0.21614583333333334
1 0.3110259433962264 0.6588541666666666 0.12382075471698113 0.16666666666666666
1 0.4407429245283019 0.6484375 0.13856132075471697 0.17708333333333334
1 0.5512971698113207 0.6731874999999999 0.09433962264150944 0.2630208333333333
1 0.6279481132075472 0.7617291666666667 0.11202830188679246 0.2682291666666667
1 0.6058372641509434 0.5130208333333334 0.08844339622641509 0.1875
1 0.5255070754716981 0.3541666666666667 0.07222877358490566 0.13020833333333334
1 0.6051061320754717 0.3476666666666667 0.07517688679245282 0.1953125
1 0.6906014150943396 0.3867291666666667 0.06633254716981132 0.16927083333333334
1 0.7466155660377358 0.5065208333333333 0.08696933962264151 0.2838541666666667
1 0.7318749999999999 0.23177083333333334 0.06928066037735849 0.14583333333333334
1 0.5785731132075471 0.11979166666666667 0.07222877358490566 0.17708333333333334
1 0.745872641509434 0.11066666666666666 0.07075471698113207 0.14322916666666666
1 0.38399764150943394 0.3763125 0.08402122641509434 0.19010416666666666
1 0.4665448113207547 0.2864583333333333 0.07517688679245282 0.109375
1 0.27049528301886794 0.5143333333333333 0.08991745283018868 0.15364583333333334
1 0.27417452830188677 0.4179791666666667 0.08254716981132075 0.1328125
1 0.18794811320754717 0.3190208333333333 0.06633254716981132 0.15364583333333334
1 0.3626179245283019 0.21354166666666666 0.0589622641509434 0.171875
1 0.4201061320754717 0.1796875 0.06485849056603774 0.13020833333333334
1 0.22110849056603774 0.11850000000000001 0.07665094339622641 0.12760416666666666
1 0.07002358490566038 0.21225 0.07517688679245282 0.11197916666666667
1 0.10392688679245282 0.39975 0.08107311320754718 0.1640625
1 0.8335849056603774 0.06770833333333333 0.06043632075471698 0.13541666666666666
0 0.2623820754716981 0.2760416666666667 0.09433962264150944 0.10416666666666667