1 0.34125 0.6705833333333333 0.1252948113207547 0.1484375
1 0.47538915094339623 0.6705833333333333 0.13413915094339623 0.18489583333333334
1 0.6493278301886792 0.7799583333333333 0.10170990566037735 0.24739583333333334
1 0.5925707547169812 0.7135416666666666 0.07665094339622641 0.28125
1 0.6316391509433962 0.5442708333333334 0.08991745283018868 0.20833333333333334
1 0.7878891509433962 0.546875 0.11055424528301887 0.2708333333333333
1 0.5697287735849057 0.3632916666666667 0.08402122641509434 0.11197916666666667
1 0.628691037735849 0.375 0.09876179245283019 0.21875
1 0.7156603773584905 0.3815208333333333 0.08991745283018868 0.15885416666666666
1 0.7687264150943396 0.2539166666666667 0.07222877358490566 0.1953125
1 0.8637971698113207 0.2799583333333333 0.061910377358490566 0.1953125
1 0.30587264150943394 0.5195416666666667 0.08107311320754718 0.1171875
1 0.30512971698113206 0.4283958333333333 0.0972877358490566 0.1171875
1 0.4223231132075472 0.40625 0.09286556603773585 0.20833333333333334
1 0.5056014150943396 0.2955833333333333 0.06780660377358491 0.1015625
1 0.39799528301886794 0.9010416666666666 0.1857311320754717 0.19791666666666666
1 0.7952594339622642 0.14583333333333334 0.07517688679245282 0.15104166666666666
1 0.8696933962264151 0.07552083333333333 0.05306603773584906 0.125
1 0.6073113207547169 0.13152083333333334 0.07075471698113207 0.13802083333333334
1 0.7421933962264151 0.07162500000000001 0.06633254716981132 0.12239583333333333
1 0.4002122641509434 0.227875 0.06338443396226415 0.15885416666666666
1 0.4503301886792453 0.21225 0.05454009433962264 0.13802083333333334
1 0.15330188679245282 0.4192708333333333 0.07665094339622641 0.16145833333333334
1 0.23732311320754718 0.3359375 0.0589622641509434 0.15625
1 0.10613207547169812 0.34375 0.07370283018867925 0.09375
1 0.22627358490566038 0.21225 0.08696933962264151 0.09635416666666667
1 0.2601768867924528 0.14975 0.05454009433962264 0.12760416666666666
1 0.11424528301886792 0.23047916666666665 0.06928066037735849 0.1015625
0 0.3021816037735849 0.3020833333333333 0.08254716981132075 0.07291666666666667