1 0.42600235849056606 0.9101666666666667 0.17099056603773585 0.1796875
1 0.3677830188679245 0.6953125 0.1252948113207547 0.171875
1 0.5070754716981132 0.6875 0.1179245283018868 0.1875
1 0.6832311320754717 0.7825624999999999 0.10465801886792453 0.2578125
1 0.6043632075471698 0.7018333333333333 0.09139150943396226 0.2421875
1 0.6530070754716981 0.5442708333333334 0.08844339622641509 0.19270833333333334
1 0.8033608490566038 0.5651041666666666 0.08254716981132075 0.2604166666666667
1 0.6655424528301886 0.4023541666666667 0.06633254716981132 0.16927083333333334
1 0.7421933962264151 0.431 0.07517688679245282 0.1640625
1 0.7864150943396226 0.27475 0.078125 0.18489583333333334
1 0.8085259433962264 0.14975 0.06633254716981132 0.12760416666666666
1 0.8940212264150943 0.11197916666666667 0.07222877358490566 0.125
1 0.6264740566037735 0.15885416666666666 0.07370283018867925 0.14583333333333334
1 0.5181367924528302 0.3112083333333333 0.06338443396226415 0.09114583333333333
1 0.5852004716981132 0.3867291666666667 0.07959905660377359 0.12239583333333333
1 0.4473820754716981 0.4140625 0.078125 0.171875
1 0.33535377358490565 0.5442708333333334 0.078125 0.16145833333333334
1 0.33461084905660377 0.4479166666666667 0.0972877358490566 0.13020833333333334
1 0.2653301886792453 0.3489583333333333 0.0589622641509434 0.14583333333333334
1 0.17393867924528303 0.4348958333333333 0.09139150943396226 0.14583333333333334
1 0.1474056603773585 0.24870833333333334 0.07075471698113207 0.10677083333333333
1 0.2505896226415094 0.2265625 0.10023584905660378 0.09375
1 0.28670990566037735 0.16145833333333334 0.05454009433962264 0.11979166666666667
1 0.43116745283018865 0.2435 0.06633254716981132 0.14322916666666666
0 0.33387971698113206 0.3125 0.06928066037735849 0.08333333333333333