1 0.3744103773584906 0.6940208333333333 0.12382075471698113 0.15364583333333334
1 0.5011792452830188 0.6927083333333334 0.13561320754716982 0.171875
1 0.6854363207547169 0.796875 0.10318396226415094 0.22916666666666666
1 0.6132075471698113 0.7018333333333333 0.10613207547169812 0.23177083333333334
1 0.6633254716981132 0.5729166666666666 0.09433962264150944 0.1875
1 0.6699646226415095 0.4127708333333333 0.08696933962264151 0.20052083333333334
1 0.8077830188679245 0.5546875 0.10613207547169812 0.23958333333333334
1 0.7517688679245284 0.4075625 0.07370283018867925 0.15364583333333334
1 0.7989386792452831 0.2721458333333333 0.07665094339622641 0.15364583333333334
1 0.6308962264150944 0.16016666666666665 0.07665094339622641 0.13802083333333334
1 0.7702004716981132 0.08333333333333333 0.05454009433962264 0.109375
1 0.4341155660377358 0.2565208333333333 0.06928066037735849 0.15885416666666666
1 0.5321344339622641 0.3138125 0.07075471698113207 0.1015625
1 0.5962617924528302 0.384125 0.078125 0.1328125
1 0.4495872641509434 0.4296875 0.08254716981132075 0.19791666666666666
1 0.3449292452830189 0.5481874999999999 0.08549528301886793 0.16927083333333334
1 0.35082547169811323 0.4583333333333333 0.08549528301886793 0.11979166666666667
1 0.26975235849056606 0.359375 0.07959905660377359 0.16666666666666666
1 0.24838443396226415 0.24610416666666665 0.08991745283018868 0.10677083333333333
1 0.14814858490566038 0.3554791666666667 0.05748820754716981 0.09635416666666667
1 0.19752358490566038 0.4427083333333333 0.07959905660377359 0.14583333333333334
1 0.30292452830188676 0.17058333333333334 0.06633254716981132 0.11197916666666667
1 0.5343514150943396 0.12891666666666668 0.07517688679245282 0.09114583333333333
1 0.8181014150943396 0.15495833333333334 0.05601415094339623 0.0859375
1 0.8991745283018868 0.10287500000000001 0.0589622641509434 0.1328125
0 0.33535377358490565 0.3151041666666667 0.078125 0.09895833333333333
1 0.04716981132075472 0.8307291666666666 0.09433962264150944 0.2552083333333333
1 0.20711084905660376 0.13802083333333334 0.08696933962264151 0.08333333333333333