1 0.43899764150943393 0.9135000000000001 0.17246462264150944 0.17300000000000001
1 0.38524764150943397 0.700375 0.11199292452830188 0.12662500000000002
1 0.5112382075471698 0.7082916666666667 0.11983490566037737 0.17014583333333333
1 0.6904127358490566 0.7973333333333333 0.10863207547169812 0.23741666666666666
1 0.6209787735849057 0.7191875 0.09518867924528301 0.26314583333333336
1 0.6601768867924529 0.5816666666666667 0.08622641509433963 0.18202083333333335
1 0.8197641509433962 0.5826666666666667 0.1030306603773585 0.27106250000000004
1 0.6769811320754717 0.42439583333333336 0.07727594339622641 0.18004166666666668
1 0.7587264150943396 0.44020833333333337 0.08175707547169811 0.15629166666666666
1 0.46643867924528304 0.4233958333333333 0.08399764150943397 0.18597916666666667
1 0.5353066037735849 0.33041666666666664 0.06047169811320755 0.10683333333333334
1 0.5969103773584906 0.39272916666666663 0.08287735849056604 0.1444375
1 0.8046462264150944 0.29975 0.06607311320754718 0.16025
1 0.6478655660377358 0.1790625 0.07503537735849057 0.16420833333333332
1 0.7788915094339622 0.09102083333333333 0.050400943396226416 0.13058333333333333
1 0.822004716981132 0.17014583333333333 0.0627122641509434 0.1385
1 0.9121580188679245 0.13354166666666664 0.06383254716981132 0.12464583333333333
1 0.2861320754716981 0.3551458333333333 0.057110849056603775 0.12464583333333333
1 0.3449292452830189 0.4511041666666667 0.0895872641509434 0.13058333333333333
1 0.3527712264150943 0.5559583333333333 0.07615566037735849 0.1543125
1 0.44235849056603777 0.26214583333333336 0.0671933962264151 0.14047916666666668
1 0.5431485849056603 0.23741666666666666 0.04928066037735849 0.11870833333333333
1 0.30629716981132077 0.17806249999999998 0.06383254716981132 0.12266666666666667
1 0.2250943396226415 0.15729166666666666 0.08287735849056604 0.08112499999999999
1 0.17470518867924528 0.27106250000000004 0.06495283018867924 0.11870833333333333
1 0.20942216981132075 0.4412083333333333 0.06943396226415095 0.15827083333333333
1 0.05767688679245283 0.8250208333333333 0.10863207547169812 0.2572083333333333