1 0.4647405660377359 0.9169791666666666 0.15665094339622643 0.16604166666666667
1 0.39946933962264153 0.7112708333333334 0.1221933962264151 0.14945833333333333
1 0.5211438679245283 0.7204999999999999 0.13367924528301886 0.19004166666666666
1 0.37075471698113205 0.5728958333333334 0.09189858490566039 0.14575
1 0.3676179245283019 0.47325 0.08146226415094339 0.09779166666666667
1 0.47362028301886794 0.44835416666666666 0.08459905660377358 0.177125
1 0.2278183962264151 0.4635416666666667 0.06912735849056603 0.17210416666666667
1 0.07463443396226414 0.8230000000000001 0.10212264150943395 0.2914583333333333
1 0.7046698113207547 0.8230000000000001 0.09583726415094339 0.24704166666666666
1 0.6386792452830189 0.71475 0.10212264150943395 0.2359375
1 0.6842452830188679 0.6092708333333333 0.08955188679245282 0.2192916666666667
1 0.8405778301886792 0.6078749999999999 0.10683962264150942 0.26647916666666666
1 0.7690919811320756 0.4663125 0.06127358490566038 0.17210416666666667
1 0.691308962264151 0.43022916666666666 0.0942688679245283 0.18320833333333333
1 0.8209316037735849 0.3095 0.07699292452830189 0.1415625
1 0.8452830188679245 0.19152083333333333 0.07856132075471699 0.13322916666666668
1 0.6583136792452831 0.19845833333333335 0.07856132075471699 0.1415625
1 0.30715801886792454 0.3594583333333333 0.06442216981132076 0.1415625
1 0.4509198113207547 0.2803541666666666 0.07856132075471699 0.13879166666666667
1 0.5483372641509434 0.34418750000000004 0.05341981132075471 0.10547916666666667
1 0.6198231132075472 0.41358333333333336 0.0738443396226415 0.122125
1 0.7965801886792453 0.11658333333333333 0.06599056603773586 0.094375
1 0.928561320754717 0.13602083333333334 0.07541273584905661 0.11102083333333333
1 0.28202830188679245 0.2498125 0.0738443396226415 0.09991666666666667
1 0.3338679245283019 0.19429166666666667 0.0738443396226415 0.09991666666666667
1 0.1956132075471698 0.27479166666666666 0.06442216981132076 0.094375
1 0.03849056603773585 0.5065625 0.06755896226415094 0.18597916666666667
1 0.24195754716981133 0.17764583333333334 0.08169811320754718 0.08327083333333334
0 0.3723702830188679 0.35112499999999996 0.06912735849056603 0.09714583333333333