1 0.4893867924528302 0.4518333333333333 0.07075471698113207 0.1796875
1 0.36336084905660376 0.5846458333333333 0.10170990566037735 0.13802083333333334
1 0.38547169811320753 0.4961041666666667 0.07517688679245282 0.10677083333333333
1 0.39799528301886794 0.7252708333333333 0.1267688679245283 0.17447916666666666
1 0.5380306603773585 0.7382916666666667 0.12971698113207547 0.19010416666666666
1 0.7104952830188679 0.8294374999999999 0.10613207547169812 0.2421875
1 0.8409551886792452 0.6054791666666667 0.08991745283018868 0.2578125
1 0.6957547169811321 0.6080833333333333 0.08549528301886793 0.16927083333333334
1 0.6994457547169811 0.4557291666666667 0.078125 0.17708333333333334
1 0.7805188679245283 0.4739583333333333 0.06043632075471698 0.17708333333333334
1 0.8328419811320755 0.3333333333333333 0.061910377358490566 0.15104166666666666
1 0.9375 0.3737083333333333 0.0589622641509434 0.18489583333333334
1 0.6751179245283019 0.21485416666666665 0.07959905660377359 0.14322916666666666
1 0.628691037735849 0.4583333333333333 0.07517688679245282 0.15625
1 0.3220872641509434 0.3815208333333333 0.06043632075471698 0.1328125
1 0.479811320754717 0.3098958333333333 0.04569575471698113 0.15104166666666666
1 0.5653066037735849 0.3723958333333333 0.078125 0.109375
1 0.5778301886792453 0.290375 0.061910377358490566 0.09114583333333333
1 0.7436674528301886 0.1575625 0.08107311320754718 0.09635416666666667
1 0.8608490566037735 0.20964583333333334 0.06780660377358491 0.12760416666666666
1 0.8733844339622642 0.06902083333333334 0.05159198113207547 0.1015625
1 0.2358490566037736 0.4739583333333333 0.08254716981132075 0.13541666666666666
1 0.09066037735849056 0.8515625 0.10465801886792453 0.2604166666666667
1 0.4658018867924528 0.9244791666666666 0.13561320754716982 0.15104166666666666
1 0.04643867924528302 0.5299583333333333 0.09286556603773585 0.15885416666666666
1 0.07886792452830188 0.4414166666666667 0.08107311320754718 0.1015625
1 0.29923349056603776 0.2864583333333333 0.07665094339622641 0.125
1 0.34935141509433965 0.23308333333333334 0.07370283018867925 0.12760416666666666
1 0.2159551886792453 0.3151041666666667 0.05748820754716981 0.109375
1 0.27122641509433965 0.20183333333333334 0.07665094339622641 0.07552083333333333
1 0.5763561320754716 0.17839583333333334 0.07665094339622641 0.10677083333333333