1 0.15398697916666665 0.4412685185185185 0.3079739583333333 0.8214351851851852
1 0.6577473958333333 0.47599537037037043 0.2891953125 0.7519861111111111
1 0.1211875 0.09275462962962963 0.07779166666666668 0.1336574074074074
1 0.413234375 0.45864814814814814 0.2938411458333333 0.5830324074074074
1 0.8190598958333334 0.5447546296296296 0.23479947916666666 0.4589537037037037
1 0.29265885416666665 0.2906481481481481 0.05354427083333334 0.08962962962962963
1 0.32573437499999996 0.23555555555555557 0.09176041666666666 0.16648148148148148
1 0.8672187499999999 0.28046296296296297 0.06464583333333333 0.08777777777777777
1 0.9311536458333334 0.4149305555555556 0.0861328125 0.18541203703703704
0 0.8708776041666667 0.6357268518518518 0.24053645833333331 0.24738425925925928
0 0.24020572916666666 0.6267361111111112 0.34563020833333336 0.27522685185185186