1 0.5019221698113208 0.4726666666666667 0.078125 0.16927083333333334
1 0.5741509433962264 0.3802083333333333 0.07222877358490566 0.09895833333333333
1 0.6353183962264151 0.4505208333333333 0.07370283018867925 0.13541666666666666
1 0.7009198113207548 0.4713541666666667 0.06928066037735849 0.15625
1 0.7893632075471698 0.4935 0.06928066037735849 0.1484375
1 0.8468514150943396 0.6328125 0.09581367924528301 0.2604166666666667
1 0.845377358490566 0.3580833333333333 0.07517688679245282 0.15364583333333334
1 0.8660141509433962 0.22527083333333334 0.06633254716981132 0.13802083333333334
1 0.6662735849056604 0.24610416666666665 0.08549528301886793 0.12760416666666666
1 0.7635613207547169 0.16927083333333334 0.08549528301886793 0.07291666666666667
1 0.9470872641509434 0.16927083333333334 0.07222877358490566 0.11979166666666667
1 0.5417216981132076 0.7461041666666667 0.11350235849056604 0.15885416666666666
1 0.6397405660377359 0.7630208333333334 0.05601415094339623 0.21875
1 0.7053419811320755 0.8476666666666667 0.10465801886792453 0.21614583333333334
1 0.6987028301886793 0.6315208333333333 0.08549528301886793 0.15364583333333334
1 0.4230542452830189 0.7434999999999999 0.1267688679245283 0.12760416666666666
1 0.39504716981132076 0.6028749999999999 0.07665094339622641 0.12760416666666666
1 0.4002122641509434 0.5104166666666666 0.08107311320754718 0.13020833333333334
1 0.3397759433962264 0.3958333333333333 0.05748820754716981 0.13020833333333334
1 0.49086084905660377 0.3151041666666667 0.06485849056603774 0.140625
1 0.30734669811320753 0.3046875 0.06633254716981132 0.08333333333333333
1 0.36556603773584906 0.24479166666666666 0.07959905660377359 0.11979166666666667
1 0.2159551886792453 0.4244791666666667 0.05454009433962264 0.08854166666666667
1 0.23142688679245282 0.3177083333333333 0.05306603773584906 0.07291666666666667
1 0.25870283018867923 0.484375 0.06338443396226415 0.09895833333333333
1 0.0965566037735849 0.8645833333333334 0.10760613207547169 0.23958333333333334
1 0.06485849056603774 0.546875 0.08254716981132075 0.16666666666666666
1 0.08402122641509434 0.4414166666666667 0.08844339622641509 0.11197916666666667
0 0.4053655660377358 0.3723958333333333 0.06780660377358491 0.109375
1 0.2837617924528302 0.23697916666666666 0.07222877358490566 0.08854166666666667
1 0.589622641509434 0.20183333333333334 0.08549528301886793 0.09635416666666667
1 0.8932783018867925 0.08072916666666667 0.0589622641509434 0.08854166666666667