1 0.14838802083333333 0.3156064814814815 0.29625781250000005 0.6210324074074074
1 0.18003125 0.2586805555555556 0.20589583333333333 0.46088425925925924
1 0.32573437499999996 0.23370370370370372 0.10426041666666667 0.17018981481481482
1 0.297734375 0.2945833333333333 0.07671875 0.09286574074074075
1 0.40373177083333334 0.45864814814814814 0.3206614583333333 0.5830324074074074
1 0.6574869791666667 0.47668981481481487 0.29492447916666664 0.7580046296296297
1 0.8322109375 0.5456805555555556 0.2736015625 0.44228703703703703
0 0.8605937499999999 0.6375787037037037 0.2637109375 0.2510833333333333
0 0.23734114583333332 0.6241944444444444 0.34615104166666666 0.2849490740740741
1 0.8820598958333333 0.2874074074074074 0.09953645833333334 0.1109212962962963
1 0.9669557291666667 0.34503703703703703 0.06608854166666667 0.09192592592592592