1 0.054263020833333335 0.35773611111111114 0.10540364583333334 0.5849120370370371
1 0.1675338541666667 0.26307870370370373 0.16840104166666667 0.45578703703703705
1 0.29929687499999996 0.2948148148148148 0.05901302083333334 0.08869907407407407
1 0.3134869791666667 0.22514351851851852 0.10561979166666666 0.13917592592592593
1 0.40633593749999997 0.4591111111111111 0.29462239583333333 0.5746990740740741
1 0.6613906249999999 0.4750694444444445 0.27148958333333334 0.7501342592592593
1 0.8647447916666666 0.30406944444444445 0.05709635416666667 0.14424537037037036
1 0.9116223958333334 0.3545277777777778 0.057484375000000004 0.08775925925925926
1 0.861765625 0.5586435185185186 0.27646875000000004 0.43117592592592596
0 0.2360390625 0.5948009259259259 0.34354687500000003 0.3483564814814815
0 0.8893645833333333 0.6336435185185185 0.20877083333333332 0.2663611111111111