0 0.0991796875 0.3410694444444445 0.1926276041666667 0.5701064814814815
1 0.1743046875 0.26863425925925927 0.17360677083333334 0.44837962962962963
1 0.6585260416666666 0.4704398148148148 0.2824244791666667 0.7408796296296296
1 0.2929192708333333 0.2957407407407407 0.048859375000000003 0.09055092592592592
1 0.3147994791666667 0.22630092592592593 0.10529947916666667 0.1368611111111111
1 0.410109375 0.4577222222222222 0.2792578125 0.5626666666666666
1 0.8630520833333333 0.3091574074074074 0.056315104166666664 0.1451712962962963
1 0.9116223958333334 0.3633240740740741 0.06790104166666668 0.09608796296296297
1 0.861765625 0.5468379629629629 0.2743854166666667 0.4770046296296296
0 0.23864322916666666 0.5892499999999999 0.34875520833333334 0.3594675925925926
0 0.8944401041666666 0.6429027777777778 0.18559635416666667 0.2663611111111111