1 0.419375 0.7591249999999999 0.11055424528301887 0.1484375
1 0.5402476415094339 0.7799583333333333 0.11939858490566038 0.16927083333333334
1 0.39504716981132076 0.6223958333333334 0.08844339622641509 0.15104166666666666
1 0.4053655660377358 0.5416666666666666 0.07959905660377359 0.08854166666666667
1 0.5100235849056604 0.4987083333333333 0.07665094339622641 0.1640625
1 0.6434316037735849 0.4830833333333333 0.06338443396226415 0.11197916666666667
1 0.7134433962264151 0.5065208333333333 0.0589622641509434 0.1640625
1 0.6950235849056604 0.6497499999999999 0.08696933962264151 0.1640625
1 0.7134433962264151 0.8711041666666667 0.09139150943396226 0.2265625
1 0.8416863207547169 0.6471458333333333 0.10613207547169812 0.2526041666666667
1 0.6508018867924529 0.7890625 0.07517688679245282 0.22395833333333334
1 0.6743867924528302 0.2838541666666667 0.06928066037735849 0.14583333333333334
1 0.7760966981132076 0.21485416666666665 0.06633254716981132 0.09114583333333333
1 0.8431603773584906 0.384125 0.07370283018867925 0.14322916666666666
1 0.8696933962264151 0.259125 0.05011792452830189 0.09114583333333333
1 0.7878891509433962 0.5169374999999999 0.06633254716981132 0.12239583333333333
1 0.1267688679245283 0.8697916666666666 0.12087264150943396 0.21875
1 0.3427240566037736 0.4166666666666667 0.06338443396226415 0.14583333333333334
1 0.4982311320754717 0.3450625 0.05011792452830189 0.1171875
1 0.593313679245283 0.4244791666666667 0.06633254716981132 0.11458333333333333
1 0.0972877358490566 0.578125 0.0972877358490566 0.16666666666666666
1 0.2734433962264151 0.5351666666666667 0.078125 0.1328125
1 0.23511792452830188 0.4505208333333333 0.06338443396226415 0.10416666666666667
1 0.24838443396226415 0.3580833333333333 0.06338443396226415 0.10677083333333333
1 0.3803066037735849 0.2682291666666667 0.05011792452830189 0.11979166666666667
1 0.30512971698113206 0.3046875 0.09139150943396226 0.109375
1 0.6647995283018868 0.109375 0.07665094339622641 0.078125
1 0.7598820754716981 0.08985416666666667 0.036851415094339625 0.0859375
1 0.8977004716981132 0.12760416666666666 0.05011792452830189 0.08333333333333333
1 0.8910731132075471 0.08854166666666667 0.013266509433962265 0.005208333333333333
1 0.9559316037735849 0.21614583333333334 0.08402122641509434 0.10416666666666667
1 0.11350235849056604 0.3424583333333333 0.0589622641509434 0.09114583333333333
0 0.41273584905660377 0.4205833333333333 0.08844339622641509 0.08072916666666667