1 0.08954427083333334 0.33829166666666666 0.17856770833333335 0.5645509259259259
1 0.17183072916666667 0.2667824074074074 0.16605729166666666 0.4446805555555556
1 0.2955234375 0.2957407407407407 0.04365104166666667 0.09055092592592592
1 0.3147994791666667 0.2383333333333333 0.10529947916666667 0.16093055555555555
1 0.40737760416666663 0.46073148148148146 0.2925390625 0.5640555555555555
1 0.659828125 0.46349537037037036 0.2850286458333333 0.7547685185185184
1 0.8631848958333334 0.3114722222222222 0.053971354166666666 0.15905555555555556
1 0.9108411458333333 0.3531388888888889 0.074671875 0.07572222222222222
1 0.6070833333333333 0.19066203703703702 0.08083593750000001 0.07484259259259259
1 0.8654114583333333 0.5503055555555556 0.26917968750000004 0.48857870370370365
0 0.2360390625 0.6038287037037037 0.34354687500000003 0.34419444444444447
0 0.8892343749999999 0.6669768518518518 0.19601302083333336 0.20339814814814813