1 0.08876302083333334 0.32996296296296296 0.17179947916666669 0.5108564814814816
1 0.1688359375 0.2679398148148148 0.16788020833333334 0.44236574074074075
1 0.3114036458333333 0.22352314814814814 0.10145572916666666 0.13130555555555556
1 0.412453125 0.4651296296296296 0.27978125 0.5774768518518518
1 0.659828125 0.46349537037037036 0.2850286458333333 0.73625
1 0.2950026041666666 0.2978240740740741 0.042609375 0.07157407407407407
1 0.6063020833333332 0.19691203703703702 0.07406510416666667 0.0734537037037037
1 0.8607239583333333 0.5470694444444445 0.27855208333333337 0.472837962962963
1 0.8652656249999999 0.31401851851851853 0.05813802083333333 0.15025925925925926
1 0.9121432291666667 0.3547592592592593 0.066859375 0.0835925925925926
0 0.8859765625 0.6864444444444444 0.16866927083333336 0.18359259259259259
0 0.2336953125 0.599662037037037 0.35344270833333336 0.34326851851851853