1 0.08316666666666667 0.32186574074074076 0.16633072916666666 0.5085416666666667
1 0.16987760416666667 0.26886574074074077 0.16996354166666666 0.444212962962963
1 0.40946093749999996 0.46096296296296296 0.2987890625 0.5598888888888889
1 0.3121953125 0.22630092592592593 0.10009114583333334 0.1368611111111111
1 0.605390625 0.1985324074074074 0.09046875 0.08131944444444444
1 0.294609375 0.2964351851851852 0.07047135416666667 0.07805555555555556
1 0.6616510416666667 0.47229166666666667 0.28659114583333334 0.7445833333333333
1 0.869953125 0.3005972222222222 0.05709635416666667 0.13267592592592592
1 0.9135755208333334 0.36216666666666664 0.07180729166666668 0.09840277777777778
1 0.8737421875 0.5422083333333334 0.25043229166666664 0.46775
0 0.23356510416666668 0.5964212962962963 0.3510989583333333 0.34049074074074076
0 0.8835026041666667 0.6889675925925927 0.16580468750000002 0.17793518518518517