1 0.47358490566037736 0.9471666666666666 0.1145872641509434 0.10568749999999999
1 0.8399764150943396 0.6570625 0.10649764150943397 0.23760416666666667
1 0.9482311320754717 0.42072916666666665 0.054268867924528306 0.14375
1 0.11790094339622642 0.879375 0.07550707547169812 0.23527083333333335
1 0.4990919811320755 0.505375 0.06785377358490566 0.18045833333333333
1 0.6619103773584906 0.7979583333333333 0.10556603773584905 0.216375
1 0.08531839622641509 0.5836041666666667 0.08064858490566038 0.1664375
1 0.276875 0.5502708333333334 0.04016509433962264 0.15129166666666669
1 0.34612028301886794 0.4305833333333334 0.05003537735849056 0.14829166666666668
1 0.03107311320754717 0.3374166666666667 0.04670990566037736 0.09833333333333334
1 0.7559316037735849 0.09579166666666666 0.03445754716981132 0.09991666666666667
1 0.8052358490566038 0.08689583333333334 0.03017688679245283 0.09347916666666665
1 0.596308962264151 0.33383333333333337 0.060117924528301885 0.08733333333333333
1 0.5938443396226415 0.2419791666666667 0.0702004716981132 0.07410416666666667
1 0.548502358490566 0.3514375 0.045978773584905666 0.11877083333333333
1 0.4438915094339623 0.3139375 0.0774882075471698 0.11195833333333334
1 0.46167452830188677 0.3470833333333333 0.029044811320754715 0.10627083333333333
1 0.5034787735849057 0.35427083333333337 0.05027122641509434 0.12825
1 0.8451179245283018 0.3870416666666667 0.07048349056603774 0.129375