1 0.081734375 0.319087962962963 0.16294531250000002 0.48077314814814814
1 0.41557812499999996 0.4565648148148148 0.27353124999999995 0.5464629629629629
1 0.15646614583333335 0.2575277777777778 0.19261979166666665 0.42616666666666664
1 0.30229947916666666 0.24435648148148145 0.10946354166666666 0.10815740740740741
1 0.5978411458333334 0.19506018518518517 0.08057552083333334 0.06974999999999999
1 0.6564453125 0.4715972222222222 0.28659114583333334 0.7385648148148148
1 0.28875260416666665 0.3149537037037037 0.05302604166666667 0.07063888888888889
1 0.8881822916666666 0.3080046296296296 0.041468750000000006 0.1104537037037037
1 0.7737421875 0.29156944444444444 0.06501302083333334 0.10999537037037037
1 0.8810338541666667 0.5419768518518518 0.23793489583333333 0.4719166666666667
0 0.22965885416666668 0.6040601851851852 0.353703125 0.3483611111111111
0 0.8816796875 0.6952175925925926 0.16424218750000003 0.17654166666666665