1 0.09566406250000001 0.3200138888888889 0.19132812500000002 0.4863240740740741
1 0.15269270833333334 0.2730324074074074 0.18141927083333334 0.47291203703703705
1 0.30736718749999997 0.2559259259259259 0.11161197916666667 0.12204166666666667
1 0.40763802083333334 0.4676759259259259 0.29722656249999996 0.5686805555555555
1 0.6585260416666666 0.4808518518518519 0.2824244791666667 0.7570787037037037
1 0.8825963541666667 0.5806296296296297 0.2348098958333333 0.4242268518518519
1 0.8853229166666666 0.3272129629629629 0.0632109375 0.1164675925925926
1 0.7746536458333334 0.2994398148148148 0.07100260416666666 0.11647222222222223
1 0.5949765625 0.1948287037037037 0.08005468750000001 0.07391666666666666
0 0.2309609375 0.5922546296296296 0.3667213541666667 0.3395648148148148
0 0.8832421875 0.6963750000000001 0.1715338541666667 0.17422685185185185