1 0.13760416666666667 0.2616898148148148 0.23833072916666667 0.44375462962962964
0 0.226015625 0.5924861111111112 0.3818229166666667 0.34372685185185187
1 0.054010416666666665 0.2580092592592592 0.050312499999999996 0.11787500000000001
1 0.40971874999999996 0.4630462962962963 0.2826432291666666 0.5594259259259259
1 0.5852161458333334 0.21218518518518517 0.06706510416666665 0.07622685185185185
1 0.6573541666666666 0.4785416666666667 0.2821640625 0.7431898148148148
1 0.8768671875 0.5688240740740741 0.246265625 0.4515416666666667
1 0.9006796875 0.30707870370370366 0.045632812499999995 0.09008796296296297
1 0.7759557291666667 0.2890277777777778 0.07360677083333332 0.08175925925925925
1 0.2845833333333333 0.2839351851851852 0.0905234375 0.13637962962962963
0 0.8904036458333333 0.6873472222222222 0.1754401041666667 0.1885787037037037