1 0.13161458333333334 0.27349537037037036 0.23468489583333335 0.4534722222222222
1 0.015104166666666667 0.29110648148148144 0.030208333333333334 0.1368425925925926
1 0.05934895833333333 0.28092129629629625 0.05890625 0.13499537037037035
1 0.41688020833333334 0.46049999999999996 0.2865520833333333 0.5682222222222222
1 0.6561822916666666 0.4817777777777778 0.2819036458333333 0.7589305555555556
1 0.8742630208333334 0.5604953703703704 0.2514739583333333 0.45339351851851856
1 0.5711562499999999 0.19852777777777778 0.0951875 0.11835185185185185
1 0.7965260416666666 0.2846296296296296 0.02726041666666667 0.06833796296296298
1 0.9030286458333333 0.29389351851851847 0.048630208333333334 0.0609212962962963
0 0.8668411458333334 0.6716064814814815 0.20954947916666666 0.1941388888888889
0 0.22419270833333332 0.5950324074074074 0.38026041666666666 0.3340092592592593