1 0.13383072916666666 0.27511574074074074 0.24327864583333333 0.4613425925925926
1 0.420265625 0.46559259259259256 0.2641588541666667 0.5691435185185185
1 0.5770156249999999 0.2128796296296296 0.08607291666666667 0.11927314814814814
1 0.01640625 0.2978194444444444 0.0328125 0.14563888888888887
1 0.058958333333333335 0.28462499999999996 0.051875 0.14239814814814813
1 0.6567031249999999 0.475300925925926 0.28086197916666666 0.7459675925925926
1 0.8758255208333333 0.5614166666666667 0.24834895833333331 0.4552453703703704
1 0.7749140625000001 0.302912037037037 0.07569010416666666 0.10952777777777778
1 0.9060234375 0.30245370370370367 0.050453125 0.06231481481481481
0 0.21950520833333334 0.5982731481481481 0.37921875 0.33678703703703705
0 0.8819401041666667 0.6827175925925927 0.1689296875 0.19783796296296297