1 0.017057291666666665 0.3253564814814815 0.03411458333333333 0.2053425925925926
1 0.0553125 0.2855509259259259 0.059166666666666666 0.14425
1 0.13565104166666667 0.2707175925925926 0.23442447916666667 0.4479166666666667
1 0.4275572916666667 0.4734629629629629 0.29123958333333333 0.5385925925925925
1 0.42051822916666665 0.23949537037037036 0.09177604166666667 0.12158333333333333
1 0.6576145833333332 0.480625 0.2764348958333333 0.7427268518518518
1 0.8763463541666667 0.5644305555555555 0.24730729166666665 0.4381157407407408
1 0.7751744791666667 0.3017546296296296 0.0699609375 0.0933287037037037
1 0.9308932291666667 0.33600925925925923 0.0814453125 0.08776388888888889
0 0.8824609375 0.6716064814814815 0.16788802083333335 0.175625
0 0.22263020833333333 0.5968842592592593 0.3833854166666667 0.3303055555555556