1 0.017708333333333333 0.29504166666666665 0.035416666666666666 0.14008333333333334
1 0.054010416666666665 0.2855509259259259 0.056562499999999995 0.14425
1 0.1331796875 0.26516203703703706 0.24197656250000002 0.43681018518518516
1 0.4256041666666667 0.48017592592592595 0.29774999999999996 0.5473842592592593
1 0.42064843749999997 0.2462083333333333 0.09411979166666667 0.13037500000000002
1 0.6550130208333333 0.47229166666666667 0.2816432291666667 0.7445833333333333
1 0.8690546875 0.5609583333333333 0.26188802083333335 0.4450601851851852
1 0.77621875 0.298287037037037 0.08871093749999999 0.08175462962962964
1 0.9277656249999999 0.33971296296296294 0.06686197916666667 0.0951712962962963
0 0.8801197916666667 0.6741527777777778 0.16736718750000001 0.1853425925925926
0 0.223671875 0.600125 0.3813020833333333 0.33308333333333334