1 0.019010416666666665 0.3063842592592592 0.03802083333333333 0.13961574074074073
1 0.05713541666666667 0.2820787037037037 0.06072916666666666 0.15119444444444444
1 0.13526041666666666 0.26817129629629627 0.23780989583333334 0.43819907407407405
1 0.29696093749999997 0.28832870370370367 0.10086979166666667 0.17572222222222222
1 0.4189557291666667 0.2668055555555555 0.09490104166666667 0.12990740740740742
1 0.428078125 0.47253703703703703 0.29019791666666667 0.5182222222222221
1 0.6572239583333332 0.479925925925926 0.2798203125 0.7552268518518518
1 0.7824661458333334 0.303375 0.07621354166666668 0.10119907407407408
1 0.8746536458333334 0.553087962962963 0.24600520833333334 0.45709722222222227
1 0.9302395833333333 0.3394814814814815 0.0593125 0.09933333333333333
1 0.8678697916666667 0.31981018518518517 0.06334375 0.064625
0 0.8676197916666666 0.6681342592592593 0.17153125 0.18256944444444445
0 0.22002604166666667 0.5971157407407407 0.37817708333333333 0.3344722222222222