0 0.22077604166666667 0.5924444444444444 0.37853125 0.32284722222222223
0 0.862671875 0.6753101851851853 0.17621874999999998 0.18302777777777776
1 0.6563151041666667 0.48293518518518525 0.2842473958333333 0.7566157407407407
1 0.017057291666666665 0.30012962962962964 0.03411458333333333 0.15952314814814814
1 0.05583333333333333 0.2793009259259259 0.058124999999999996 0.1456435185185185
1 0.14541666666666667 0.2549814814814815 0.22270833333333334 0.41644444444444445
1 0.29240364583333334 0.31933796296296296 0.10841927083333333 0.22108333333333335
1 0.4189557291666667 0.25569907407407405 0.09490104166666667 0.0706574074074074
1 0.4370598958333333 0.48179629629629633 0.264421875 0.5367361111111111
1 0.8694453125 0.5560972222222222 0.2564192708333333 0.43997222222222226
1 0.7828567708333334 0.28300925925925924 0.0832421875 0.0975
1 0.9043229166666666 0.315412037037037 0.12583333333333332 0.0882314814814815