1 0.011197916666666667 0.28856018518518517 0.022395833333333334 0.127125
1 0.05388020833333333 0.28647685185185184 0.054218749999999996 0.14610185185185184
1 0.13734375 0.272337962962963 0.22322916666666667 0.45578703703703705
1 0.30021614583333334 0.2855509259259259 0.10321354166666666 0.1627685185185185
1 0.45242447916666667 0.47693518518518524 0.2701510416666667 0.5316481481481481
1 0.655921875 0.48108333333333336 0.2772161458333333 0.752912037037037
1 0.86528125 0.5493842592592593 0.2647526041666667 0.43117592592592596
1 0.8160572916666666 0.26472685185185185 0.055906250000000005 0.09333796296296297
1 0.7656640625000001 0.2860185185185185 0.06987239583333334 0.061856481481481485
1 0.8854505208333333 0.28625 0.03430729166666667 0.05768981481481481
1 0.9370104166666666 0.3207361111111111 0.06660416666666666 0.08499074074074074
0 0.8793385416666666 0.6621203703703704 0.19496875 0.17979166666666668
0 0.22731770833333334 0.5975787037037037 0.3740130208333333 0.3428055555555556