0 0.22546354166666666 0.597300925925926 0.3879036458333333 0.3279398148148148
0 0.8664531249999999 0.6771296296296296 0.14836458333333333 0.1942037037037037
1 0.011197916666666667 0.2806898148148148 0.022395833333333334 0.13916203703703703
1 0.05908854166666667 0.2818472222222222 0.054218749999999996 0.15536111111111112
1 0.13421875 0.26493055555555556 0.2398932291666667 0.44097685185185187
1 0.30086718749999997 0.2749074074074074 0.09409895833333333 0.13221759259259258
1 0.44500260416666665 0.46166203703703707 0.2615572916666667 0.5103564814814814
1 0.6556640625 0.4729861111111111 0.2829453125 0.7320833333333333
1 0.4074921875 0.25199537037037034 0.06967187500000001 0.08176851851851852
1 0.4986302083333333 0.2513009259259259 0.0436171875 0.07575
1 0.934921875 0.3059259259259259 0.07505208333333332 0.05537037037037037
1 0.8659166666666667 0.29898148148148146 0.0568359375 0.06925925925925926
1 0.8133229166666667 0.2684259259259259 0.04835416666666667 0.10074537037037037
1 0.7637135416666666 0.2964351851851852 0.06336197916666667 0.07805555555555556
1 0.8711380208333334 0.5616527777777778 0.25772395833333334 0.45107870370370373