1 0.011848958333333333 0.2693472222222222 0.023697916666666666 0.15814351851851852
1 0.05192708333333333 0.29110648148148144 0.06072916666666666 0.15536111111111112
1 0.13825520833333332 0.26886574074074077 0.2500494791666667 0.46273148148148147
1 0.2996953125 0.2705092592592592 0.10425520833333332 0.1187962962962963
1 0.30215885416666666 0.41515277777777776 0.12202864583333332 0.2923425925925926
1 0.40853385416666665 0.24250925925925929 0.07175260416666666 0.0674212962962963
1 0.4275546875 0.507263888888889 0.2349921875 0.47099074074074077
1 0.5182890625 0.25731944444444443 0.06470572916666667 0.07852777777777778
1 0.5323489583333333 0.18394907407407407 0.1032421875 0.08456481481481481
1 0.6543619791666667 0.4882592592592593 0.2803411458333333 0.7533703703703704
1 0.8184010416666666 0.2536157407407407 0.046013020833333335 0.08963888888888889
1 0.7631927083333333 0.2892592592592592 0.0623203125 0.0590787037037037
1 0.9402604166666666 0.3059212962962963 0.07270833333333333 0.09240277777777778
1 0.8659322916666666 0.5581805555555556 0.2681380208333334 0.43950925925925927
1 0.4845729166666667 0.7725324074074075 0.0053359374999999995 0.007101851851851851
0 0.22158854166666667 0.6017453703703703 0.37505208333333334 0.34373148148148147
0 0.8641041666666667 0.6602685185185185 0.17074999999999999 0.1575740740740741