0 0.22064583333333332 0.5952175925925927 0.38087499999999996 0.3469166666666667
0 0.8656666666666666 0.661425925925926 0.1572083333333333 0.13674074074074075
1 0.011197916666666667 0.25893518518518516 0.022395833333333334 0.14194444444444446
1 0.05427083333333334 0.28763425925925923 0.06125 0.14378703703703702
1 0.13499999999999998 0.25637037037037036 0.24353906250000001 0.44699537037037035
1 0.3046328125 0.4216342592592593 0.11916406249999999 0.30530555555555555
1 0.30282031249999997 0.2818472222222222 0.09800520833333333 0.15536111111111112
1 0.40958072916666666 0.2283888888888889 0.071984375 0.08085185185185184
1 0.5378255208333333 0.16936574074074073 0.09934635416666666 0.08781018518518519
1 0.43979427083333333 0.48781481481481487 0.23030989583333333 0.5209953703703704
1 0.6529296875 0.47206018518518517 0.2858098958333333 0.74875
1 0.8085052083333333 0.2531527777777777 0.04496875 0.07945370370370371
1 0.9506744791666667 0.31217129629629625 0.07270572916666666 0.10952777777777778
1 0.8685338541666667 0.5512361111111111 0.2629296875 0.41636574074074073
1 0.7682682291666667 0.29666666666666663 0.0646640625 0.07388888888888889
1 0.8693020833333333 0.2964351851851852 0.0688125 0.04102314814814815