1 0.011197916666666667 0.2649537037037037 0.022395833333333334 0.1447175925925926
1 0.05440104166666667 0.2836990740740741 0.05317708333333333 0.1405509259259259
1 0.14046875 0.24895833333333334 0.22739583333333335 0.4692175925925926
1 0.30412239583333334 0.3003611111111111 0.10060937499999999 0.173875
1 0.29721354166666664 0.4197824074074074 0.10692447916666666 0.30160185185185184
1 0.419078125 0.21889814814814815 0.10065624999999999 0.08501851851851851
1 0.5408124999999999 0.18556944444444443 0.09672916666666667 0.11094907407407407
1 0.45620052083333335 0.49614351851851857 0.29645312500000004 0.5376574074074074
1 0.6533203125 0.47876851851851854 0.2824244791666667 0.7575416666666667
1 0.7686640625 0.2978240740740741 0.06735677083333333 0.07157407407407407
1 0.9475520833333333 0.30036574074074074 0.06645572916666667 0.09981018518518518
1 0.8659322916666666 0.5651203703703704 0.2681380208333334 0.4626527777777778
0 0.22327864583333332 0.5952638888888889 0.38259895833333335 0.3418703703703704