0 0.22142708333333333 0.5954490740740741 0.37722916666666667 0.34275
1 0.009895833333333333 0.24458333333333332 0.019791666666666666 0.14102314814814815
1 0.04658854166666667 0.2836990740740741 0.0583828125 0.1590648148148148
1 0.144375 0.2260462962962963 0.22479166666666667 0.4520972222222222
1 0.3063359375 0.27398148148148144 0.109203125 0.13036574074074073
1 0.3231223958333333 0.497087962962963 0.11967968749999999 0.2988009259259259
1 0.42428645833333334 0.20107407407407407 0.1110703125 0.09104166666666667
1 0.4702604166666667 0.44799999999999995 0.2579166666666667 0.5895185185185184
1 0.6548802083333333 0.4706712962962963 0.27929947916666664 0.736712962962963
1 0.8789505208333334 0.5479953703703704 0.24210156249999998 0.45617592592592593
1 0.7620234375 0.2994444444444444 0.0519921875 0.07943981481481481