0 0.21478645833333332 0.5935972222222222 0.37176041666666665 0.3390462962962963
0 0.31908593749999997 0.48597685185185185 0.119421875 0.3136203703703703
1 0.049578125 0.28462499999999996 0.054367187500000004 0.16091666666666665
1 0.15049218749999999 0.24085648148148148 0.21828385416666668 0.4817175925925926
1 0.30216927083333334 0.2672685185185185 0.10711979166666666 0.12157407407407408
1 0.4249453125 0.2214398148148148 0.098546875 0.11325462962962962
1 0.5402994791666667 0.19922222222222222 0.091796875 0.10585648148148148
1 0.46088541666666666 0.5058703703703704 0.22458333333333333 0.4922916666666666
1 0.6521484375 0.47252314814814816 0.2821640625 0.7589305555555556
1 0.8685338541666667 0.5479953703703704 0.2629296875 0.41914351851851855
1 0.7741354166666666 0.2943518518518518 0.0824609375 0.09703240740740741