1 0.05244791666666667 0.2686574074074074 0.0596875 0.13361111111111112
1 0.15049479166666666 0.25960185185185186 0.2203671875 0.5182824074074074
1 0.3064661458333333 0.2651851851851852 0.11154687499999999 0.12203703703703704
1 0.42260156249999997 0.22075 0.087609375 0.08872222222222222
1 0.5373046875 0.20269444444444445 0.08997395833333334 0.11742592592592592
1 0.7723098958333333 0.3031435185185185 0.07048177083333333 0.10536111111111111
1 0.8777786458333333 0.5672037037037038 0.2397578125 0.4621851851851852
1 0.6516276041666667 0.4771527777777778 0.28320572916666664 0.7496712962962963
1 0.3168723958333333 0.48273611111111114 0.128015625 0.2978796296296296
0 0.21779947916666667 0.595625 0.3803151041666667 0.335
1 0.9126640625 0.29874999999999996 0.082484375 0.0845324074074074