1 0.04814583333333333 0.26263888888888887 0.057231770833333334 0.15305092592592592
1 0.14750260416666666 0.25360185185185186 0.21229947916666667 0.5043611111111111
1 0.30464322916666664 0.29503703703703704 0.09956770833333332 0.17711574074074074
1 0.4379635416666667 0.2202824074074074 0.1225 0.11556944444444445
1 0.6516276041666667 0.4836296296296297 0.28320572916666664 0.7626296296296297
1 0.923734375 0.5716018518518519 0.15044791666666668 0.4385787037037037
1 0.7659322916666667 0.31425462962962963 0.07022135416666667 0.10906481481481482
1 0.9101848958333334 0.33647685185185183 0.07245312500000001 0.08683333333333333
1 0.47989322916666666 0.49637962962962967 0.212609375 0.5149768518518518
0 0.22272916666666667 0.5959120370370371 0.3850390625 0.3344166666666667
0 0.33094270833333334 0.5644351851851852 0.13758854166666667 0.34553703703703703
0 0.8022604166666666 0.6135046296296297 0.19287239583333332 0.29553240740740744