1 0.04736979166666667 0.2707361111111111 0.06202864583333333 0.17017592592592592
1 0.15934635416666668 0.25752314814814814 0.19224479166666666 0.48171296296296295
1 0.30282031249999997 0.273287037037037 0.09800520833333333 0.12435185185185187
1 0.43614322916666665 0.23093055555555556 0.12302604166666667 0.14611574074074074
1 0.6521458333333333 0.47923611111111114 0.28424479166666666 0.7418055555555555
1 0.9285 0.5565509259259259 0.14300260416666666 0.4649814814814815
1 0.9111015625000001 0.33600925925925923 0.06894270833333334 0.08776388888888889
1 0.44604166666666667 0.5093425925925926 0.19697916666666665 0.4668333333333333
0 0.22103645833333332 0.603550925925926 0.37384375 0.32654629629629633
0 0.33107291666666666 0.5537916666666667 0.11702083333333334 0.2964722222222222
0 0.8079895833333333 0.5931388888888889 0.20224739583333334 0.27331481481481484
1 0.7971770833333333 0.35197685185185185 0.13479427083333334 0.18913425925925925