1 0.049838541666666666 0.2663425925925926 0.06009635416666667 0.13824074074074075
1 0.151796875 0.25243055555555555 0.22297135416666666 0.480787037037037
1 0.30477343749999997 0.2723611111111111 0.10191145833333333 0.12250000000000001
1 0.4442057291666667 0.21612037037037038 0.13788802083333335 0.11649537037037037
1 0.3959036458333333 0.32143055555555555 0.06993229166666667 0.07249074074074074
1 0.6540989583333333 0.475300925925926 0.27565364583333335 0.7274537037037037
1 0.8043307291666667 0.3302222222222222 0.13418229166666668 0.11785185185185185
1 0.9124036458333333 0.33462037037037035 0.071546875 0.09424537037037037
1 0.9268593749999999 0.5556296296296297 0.14628385416666667 0.46681944444444445
0 0.33029166666666665 0.544537037037037 0.1237890625 0.2779583333333333
0 0.21989583333333332 0.6022083333333333 0.37583333333333335 0.33354629629629634
0 0.7993984375000001 0.5956851851851852 0.21422395833333333 0.26452314814814815
1 0.4638802083333333 0.5063287037037038 0.205578125 0.4691527777777778