1 0.9466145833333334 0.5682870370370371 0.10677083333333333 0.42824074074074076
1 0.904296875 0.3541666666666667 0.08984375 0.12037037037037036
1 0.6354166666666666 0.4930555555555556 0.24739583333333334 0.7407407407407407
1 0.3404947916666667 0.5104166666666666 0.12369791666666667 0.2199074074074074
1 0.302734375 0.2835648148148148 0.09765625 0.16898148148148148
1 0.41796875 0.19328703703703703 0.08333333333333333 0.08564814814814815
1 0.4622395833333333 0.4965277777777778 0.16666666666666666 0.44212962962962965
1 0.16666666666666666 0.2349537037037037 0.21614583333333334 0.43287037037037035
1 0.040364583333333336 0.2824074074074074 0.08072916666666667 0.20833333333333334
1 0.8294270833333334 0.5740740740740741 0.12239583333333333 0.39351851851851855
0 0.21223958333333334 0.6030092592592593 0.3958333333333333 0.31712962962962965