1 0.951171875 0.5289351851851852 0.09765625 0.38657407407407407
1 0.9036458333333334 0.3298611111111111 0.0703125 0.11342592592592593
1 0.6328125 0.4664351851851852 0.2630208333333333 0.7523148148148148
1 0.337890625 0.4976851851851852 0.10807291666666667 0.18518518518518517
1 0.3040364583333333 0.2916666666666667 0.10807291666666667 0.1712962962962963
1 0.3951822916666667 0.3460648148148148 0.04296875 0.1412037037037037
1 0.421875 0.1909722222222222 0.10416666666666667 0.12731481481481483
1 0.4765625 0.5127314814814815 0.15364583333333334 0.4375
1 0.046875 0.26851851851851855 0.09375 0.18981481481481483
1 0.173828125 0.2326388888888889 0.16536458333333334 0.4652777777777778
0 0.22200520833333334 0.5879629629629629 0.3580729166666667 0.3194444444444444
0 0.8138020833333334 0.5671296296296297 0.14322916666666666 0.3287037037037037