1 0.04892708333333333 0.28254166666666664 0.0660859375 0.16137962962962962
1 0.14854166666666666 0.2665462962962963 0.22687500000000002 0.5043935185185185
1 0.3184427083333333 0.307537037037037 0.15216666666666667 0.20765740740740743
1 0.4444661458333333 0.23555555555555557 0.13320052083333334 0.155375
1 0.4067109375 0.3218935185185185 0.07331770833333334 0.08267592592592593
1 0.6512369791666667 0.4762268518518519 0.27617447916666665 0.7478194444444445
1 0.46426822916666666 0.5037870370370371 0.181359375 0.4742407407407407
1 0.5599531249999999 0.20917592592592593 0.06469791666666666 0.07483796296296297
1 0.8032890625 0.35429166666666667 0.15293229166666666 0.18450462962962963
1 0.9199557291666667 0.3489722222222222 0.06165364583333333 0.11368055555555556
1 0.9607083333333333 0.49453703703703705 0.0785859375 0.3446296296296296
0 0.7944479166666666 0.5482314814814815 0.17724739583333332 0.35943055555555553
0 0.33849479166666663 0.5493935185185186 0.11519791666666666 0.2830509259259259
0 0.22259635416666665 0.6033194444444445 0.3853020833333333 0.3418240740740741