1 0.9622395833333334 0.5208333333333334 0.07552083333333333 0.39814814814814814
1 0.9127604166666666 0.3333333333333333 0.0859375 0.10185185185185185
1 0.65234375 0.46296296296296297 0.2760416666666667 0.6990740740740741
1 0.3424479166666667 0.4988425925925926 0.1171875 0.1875
1 0.30859375 0.2662037037037037 0.10677083333333333 0.1388888888888889
1 0.3919270833333333 0.30671296296296297 0.06510416666666667 0.09490740740740741
1 0.41015625 0.19328703703703703 0.08072916666666667 0.09490740740740741
1 0.4720052083333333 0.5034722222222222 0.13932291666666666 0.44212962962962965
1 0.17252604166666666 0.21643518518518517 0.18619791666666666 0.41435185185185186
1 0.050130208333333336 0.2569444444444444 0.10026041666666667 0.2175925925925926
0 0.828125 0.5682870370370371 0.15625 0.3402777777777778
0 0.22005208333333334 0.5914351851851852 0.3880208333333333 0.3125