0 0.21882291666666667 0.592675925925926 0.3824375 0.3186805555555556
0 0.7954921875000001 0.5605 0.20641145833333333 0.3608148148148148
0 0.34343229166666667 0.5498611111111111 0.11863541666666667 0.2191712962962963
1 0.010546875 0.3045231481481481 0.02109375 0.28404166666666664
1 0.05322916666666667 0.3093888888888889 0.06333333333333332 0.19655092592592593
1 0.15270833333333333 0.2672453703703704 0.21854427083333333 0.49189351851851854
1 0.32937760416666667 0.3174861111111111 0.1448723958333333 0.19886574074074076
1 0.4086692708333333 0.31610648148148146 0.055578125 0.09425
1 0.4384869791666667 0.22120833333333334 0.1131328125 0.1544537037037037
1 0.5137395833333334 0.29156944444444444 0.07200260416666666 0.14702777777777776
1 0.6494140625 0.4771527777777778 0.2725286458333333 0.7311574074074074
1 0.7992526041666667 0.332537037037037 0.13184114583333334 0.13174074074074074
1 0.9090182291666667 0.35683796296296294 0.073109375 0.13867592592592592
1 0.9419609375 0.523 0.11608072916666666 0.44322222222222224
1 0.9544583333333333 0.5081944444444445 0.09108333333333334 0.280287037037037
1 0.4686927083333333 0.5500787037037037 0.17354427083333332 0.43719444444444444