1 0.6706875 0.09349999999999999 0.0596796875 0.14652777777777778
1 0.8649765625000001 0.3907777777777778 0.1335234375 0.2886944444444445
1 0.6541640625 0.6207916666666667 0.1605625 0.4828472222222222
1 0.5184609375 0.4296666666666667 0.12130468750000001 0.255375
1 0.417578125 0.3780694444444444 0.13203125 0.16804166666666667
1 0.067609375 0.42986111111111114 0.12137500000000001 0.17243055555555556
1 0.244046875 0.5372222222222223 0.0791640625 0.2720694444444444
1 0.361109375 0.8523750000000001 0.2039140625 0.2952361111111111
1 0.3920234375 0.61025 0.19207812500000002 0.22765277777777776
1 0.34147656249999997 0.09529166666666666 0.048570312500000004 0.13025
1 0.08234375000000001 0.5860416666666667 0.115125 0.2824027777777778