0 0.103056640625 0.33978038067349925 0.160908203125 0.33152269399707174
0 0.23515625 0.317393850658858 0.11541015625 0.29929721815519766
0 0.351357421875 0.3175988286969253 0.099482421875 0.2955344070278184
0 0.47048828125 0.31090775988286967 0.142431640625 0.265402635431918
0 0.598134765625 0.27617862371888724 0.121484375 0.2545241581259151
0 0.70470703125 0.31530014641288434 0.122587890625 0.30348462664714493
0 0.79677734375 0.31300146412884333 0.12814453125 0.31143484626647144
0 0.894423828125 0.31635431918008783 0.1337109375 0.2846559297218155
0 0.13513671875 0.6774231332357248 0.119052734375 0.3458418740849195
0 0.253154296875 0.6213469985358712 0.10396484375 0.30064421669106883
0 0.368798828125 0.6510541727672036 0.109248046875 0.31822840409956077
0 0.48025390625 0.6648755490483163 0.11173828125 0.37095168374816984
0 0.610830078125 0.6661346998535872 0.12734375 0.4153001464128843
0 0.7292578125 0.6602635431918008 0.149365234375 0.3701024890190337
0 0.84419921875 0.6449926793557833 0.1448828125 0.36048316251830165
0 0.929130859375 0.62701317715959 0.14173828125 0.3663396778916545