0 0.091962890625 0.29161054172767203 0.144853515625 0.2757393850658858
0 0.206708984375 0.2830600292825769 0.09765625 0.34651537335285504
0 0.305986328125 0.3001464128843338 0.1171875 0.3025915080527086
0 0.41259765625 0.2635431918008785 0.138349609375 0.2879502196193265
0 0.537109375 0.25500732064421666 0.15625 0.36358711566617863
0 0.663251953125 0.2940409956076135 0.135087890625 0.33430453879941435
0 0.774736328125 0.2757393850658858 0.13671875 0.3855490483162518
0 0.911455078125 0.29282576866764276 0.15625 0.4197218155197658
0 0.06103515625 0.6124890190336749 0.105791015625 0.3953147877013177
0 0.1708984375 0.6332357247437774 0.09765625 0.3684773060029282
0 0.277509765625 0.6527525622254758 0.089521484375 0.3733528550512445
0 0.406904296875 0.6381112737920936 0.139970703125 0.3538360175695461
0 0.531416015625 0.6527525622254758 0.1416015625 0.4221522693997071
0 0.652666015625 0.6551976573938506 0.130205078125 0.3831185944363104
0 0.7666015625 0.6295754026354319 0.113935546875 0.3904392386530015
0 0.880537109375 0.6173792093704247 0.149736328125 0.47828696925329434