0 0.17984555984555983 0.4964948453608247 0.18490347490347492 0.2604639175257732
0 0.32613899613899616 0.6538144329896908 0.23776061776061774 0.24958762886597938
0 0.5395366795366796 0.8608247422680413 0.26212355212355215 0.27835051546391754
0 0.3220849420849421 0.3838659793814433 0.1971042471042471 0.19262886597938142
0 0.4826254826254826 0.5249484536082475 0.21335907335907336 0.22515463917525774
0 0.6391119691119691 0.7325257731958763 0.254015444015444 0.2929896907216495
0 0.47042471042471046 0.2618041237113402 0.254015444015444 0.16551546391752578
0 0.5913513513513513 0.40422680412371137 0.2398069498069498 0.18448453608247423
0 0.7549420849420849 0.5670103092783505 0.24996138996138995 0.2929896907216495
0 0.5567953667953668 0.18855670103092784 0.21135135135135136 0.176340206185567
0 0.7183397683397684 0.32417525773195877 0.18084942084942085 0.18721649484536082
0 0.8727799227799228 0.44762886597938145 0.21745173745173746 0.20077319587628867