0 0.443011583011583 0.176340206185567 0.16258687258687257 0.1681958762886598
0 0.30277992277992277 0.3024742268041237 0.21945945945945947 0.18721649484536082
0 0.13513513513513514 0.4368041237113402 0.1971042471042471 0.18448453608247423
0 0.5384942084942085 0.27536082474226803 0.17884169884169884 0.14376288659793815
0 0.41050193050193046 0.40695876288659794 0.18289575289575288 0.19530927835051548
0 0.23776061776061774 0.5941237113402063 0.2682239382239382 0.18989690721649485
0 0.6848262548262548 0.3771134020618557 0.19915057915057915 0.20618556701030927
0 0.5395366795366796 0.5154639175257731 0.17274131274131274 0.22788659793814434
0 0.3251351351351351 0.7297938144329897 0.2398069498069498 0.24958762886597938
0 0.8362162162162162 0.5100515463917525 0.254015444015444 0.23329896907216494
0 0.6777220077220077 0.6538144329896908 0.2337065637065637 0.23329896907216494
0 0.4358687258687259 0.8893298969072165 0.29872586872586876 0.2213917525773196