0 0.6723717948717949 0.784472049689441 0.20483974358974358 0.27273291925465837
0 0.43407051282051284 0.4077639751552795 0.18256410256410258 0.16745341614906833
0 0.7308974358974358 0.526583850931677 0.19926282051282052 0.3024844720496895
0 0.884198717948718 0.7331677018633541 0.20483974358974358 0.31596273291925464
0 0.2821794871794872 0.5347204968944099 0.20762820512820512 0.19440993788819877
0 0.7016346153846154 0.3645962732919255 0.18814102564102564 0.15664596273291925
0 0.38323717948717945 0.7318633540372671 0.2229807692307692 0.24304347826086958
0 0.9127564102564102 0.36186335403726705 0.11705128205128205 0.18366459627329193
0 0.14006410256410257 0.3496894409937888 0.14352564102564103 0.1593167701863354
0 0.26477564102564105 0.3861490683229814 0.13378205128205128 0.17285714285714285
0 0.12054487179487179 0.4888198757763975 0.14352564102564103 0.226832298136646
0 0.7225320512820513 0.20931677018633543 0.1268269230769231 0.19714285714285712